1  0.00008988
2  0.0001785
3  0.534
4  1.85
5  2.34
6  3.513
7  0.0012506
8  0.001429
9  0.001696
10  0.0008999
11  0.971
12  1.738
13  2.698
14  2.3296
15  1.82
16  2.067
17  0.003214
18  0.0017837
19  0.862
20  1.54
21  2.989
22  4.54
23  6.11
24  7.15
25  7.44
26  7.874
27  8.86
28  8.912
29  8.96
30  7.134
31  5.907
32  5.323
33  5.776
34  4.809
35  3.122
36  0.003733
37  1.532
38  2.64
39  4.469
40  6.506
41  8.57
42  10.22
43  11.5
44  12.37
45  12.41
46  12.02
47  10.501
48  8.69
49  7.31
50  7.287
51  6.685
52  6.232
53  4.93
54  0.005887
55  1.873
56  3.594
57  6.145
58  6.77
59  6.773
60  7.007
61  7.26
62  7.52
63  5.243
64  7.895
65  8.229
66  8.55
67  8.795
68  9.066
69  9.321
70  6.965
71  9.84
72  13.31
73  16.654
74  19.25
75  21.02
76  22.61
77  22.65
78  21.46
79  19.282
80  13.5336
81  11.85
82  11.342
83  9.807
84  9.32
85  7
86  0.00973
87  1.87
88  5.5
89  10.07
90  11.72
91  15.37
92  18.95
93  20.45
94  19.816
95  13.69
96  13.51
97  14.79
98  15.1
99  13.5
103  9.84
104  18.1
105  39
106  35
107  37
108  41
109  35
110  21.46
111  19.282
112  13.5336
113  11.85
114  11.342
115  9.807
116  9.32