          2          2      20210
          4          4      20200
          4          6     6179.3
          6          6     7654.2
          6          8     6589.4
          6         10       3027
          8          6       5920
          8          8     6049.4
          8         10    3633.76
          8         12       4456
          8         14       4909
         10          8     3576.3
         10         10       6725
         10         12       6235
         10         14     4766.5
         12         10     5953.8
         12         12     6432.3
         12         14    3588.56
         12         16    3862.15
         12         18     1788.2
         12         20       1058
         14         12     3336.4
         14         14    4979.92
         14         16    3787.72
         14         18     4983.9
         16         14     5217.4
         16         16     3778.4
         16         18   3916.408
         16         20       3346
         16         28       1365
         18         16       3873
         18         18       9700
         18         20     3377.8
         18         22     2120.8
         18         26        750
         20         18    3083.66
         20         20    3352.62
         20         22     1837.3
         20         24   1883.514
         20         26     2423.1
         20         28    4283.33
         20         30     4475.8
         22         20     1854.2
         22         22     1904.3
         22         24       2611
         22         26    2997.22
         22         28     3868.2
         24         24  3.42E+003
         24         26       3694
         24         28     2646.9
         24         30    2829.62
         24         32     1674.5
         26         26     4145.6
         26         28     2561.3
         26         30     2941.5
         26         32    2257.95
         26         34       1974
         26         36     1692.3
         28         28     3956.6
         28         30    2942.56
         28         32     2284.8
         28         34    2048.68
         28         36     2867.3
         28         38       2445
         28         40       1770
         30         30       7380
         30         32    2341.95
         30         34    1910.32
         30         36   2372.353
         30         38    1655.91
         30         40    1070.24
         30         42       1511
         30         46    1030.51
         32         36     1754.5
         32         38    1215.54
         32         40     691.43
         32         42    1482.81
         32         44    1911.07
         32         46     1546.6
         32         50    2332.57
         34         36     2011.2
         34         38     937.22
         34         40     853.83
         34         42   1122.283
         34         44   1498.599
         34         46    1478.82
         34         48     1410.3
         34         50       1967
         36         36        671
         36         38        509
         36         40     769.87
         36         42    1017.18
         36         44    1320.51
         36         46     1487.6
         36         48     1837.3
         36         50     2726.4
         36         52    2775.83
         38         42  1.00E+003
         38         44    1310.89
         38         46     1504.2
         38         48       2106
         38         50    3156.19
         38         52       2674
         38         54    2088.39
         38         58    1229.28
         38         60     215.35
         38         62      937.8
         40         44       1244
         40         48     1521.4
         40         50    1760.71
         40         52    1382.77
         40         54    1300.19
         40         56    1581.64
         40         58     854.02
         40         60     331.13
         40         62     894.79
         42         48       1979
         42         50    2519.53
         42         52    1741.65
         42         54    1148.13
         42         56     734.75
         42         58    695.109
         42         60     698.26
         42         62     886.08
         42         64     956.55
         44         50       2995
         44         52    2148.78
         44         54    1322.14
         44         56   1130.317
         44         58     943.69
         44         60     988.27
         44         62     990.62
         44         64     975.95
         44         66    1137.33
         46         56    1593.16
         46         58    1333.59
         46         60    1133.76
         46         62    1052.78
         46         64     946.74
         46         66    1125.48
         46         68        872
         46         70    1109.76
         46         72     1020.3
         48         58    1795.25
         48         60   1720.646
         48         62    1473.07
         48         64   1224.341
         48         66   1134.532
         48         68    1282.56
         48         70    1285.61
         48         72     1388.9
         48         74     1704.7
         50         58  2.70E+003
         50         60       2309
         50         62    2190.81
         50         64   1953.266
         50         66   1756.864
         50         68    1758.31
         50         70   1875.108
         50         72    2087.71
         50         74    2192.17
         52         62     1348.1
         52         66     957.48
         52         68     1103.1
         52         70   1357.401
         52         72   1657.283
         52         74   1873.399
         52         76    1978.81
         52         78    1964.76
         54         64     830.36
         54         66      908.7
         54         68    1149.18
         54         70    1268.91
         54         72    1313.88
         54         74   1582.975
         54         76    1793.52
         54         80     1636.2
         54         82     2582.4
         56         68        898
         56         70     983.45
         56         72      942.2
         56         74     1179.5
         56         76    1503.63
         56         78   1760.555
         56         80    1578.99
         56         82       2340
         56         84     1823.8
         56         86    1535.53
         56         88    1020.03
         56         90     1052.5
         58         72     1025.7
         58         74     1158.4
         58         76     1533.5
         58         78     1076.3
         58         80    1476.93
         58         82    1903.32
         58         84    2031.01
         58         88    1042.98
         58         90     770.43
         60         80     1413.3
         60         82   2217.484
         60         84    2084.68
         60         86      915.4
         60         88     916.93
         60         90      675.9
         60         92       1139
         62         78     990.37
         62         80     1450.6
         62         82   2477.651
         62         84       2211
         62         86    1424.46
         62         88    740.464
         62         90    684.751
         62         92    1099.26
         62         94       1068
         64         78    1368.56
         64         80     1886.9
         64         82       2165
         64         86   1207.135
         64         88    615.386
         64         90   680.6673
         64         92   1049.487
         64         94   1196.165
         64         96    1325.73
         64         98       1427
         66         84    1892.98
         66         88     660.55
         66         90      675.6
         66         92     990.53
         66         94   1279.941
         66         96    1400.26
         66         98     1655.4
         66        100       1149
         68         88     930.07
         68         90     806.38
         68         92      893.6
         68         94    1087.16
         68         96    1246.04
         68         98   1460.031
         68        100   1217.169
         68        102     890.89
         68        104       1322
         70         90     1086.1
         70         92     1006.2
         70         94     975.55
         70         96       1043
         70         98     1155.2
         70        100    1069.35
         70        102   1042.914
         70        104    1487.12
         70        106    1138.95
         70        108       1315
         72         94    1064.99
         72         96     942.09
         72         98      879.6
         72        100      871.3
         72        102     828.13
         72        104    1149.94
         72        106   1199.385
         72        108     1101.9
         72        110       1034
         74        102      843.3
         74        104        997
         74        106     1380.8
         74        108    1135.82
         74        110    1002.49
         74        112    883.593
         74        114        886
         76         96     758.27
         76         98      545.3
         76        100      601.2
         76        102      650.5
         76        104      736.4
         76        108       1042
         76        110       1061
         76        112    1086.36
         76        114     911.78
         76        116     956.54
         76        118        696
         78         98        443
         78        100        421
         78        102     478.13
         78        104      499.7
         78        106     491.78
         78        108     471.51
         78        110     798.76
         78        112     920.86
         78        114   1195.169
         78        116   1267.174
         78        118   1135.312
         78        120     914.52
         78        122       1118
         80        100      419.8
         80        102        328
         80        104     375.14
         80        106        523
         80        108      824.5
         80        110     1278.6
         80        114       1500
         80        116       1319
         80        118    1401.52
         80        120   1029.344
         80        122    1411.37
         80        124    1635.76
         80        126       3625
         82        102        570
         82        104        536
         82        106        591
         82        108        658
         82        110     768.84
         82        112     930.67
         82        114    1142.86
         82        116     1392.1
         82        118     1625.5
         82        120       1658
         82        122     1582.7
         82        124     1166.4
         82        126    4868.35
         84        112        558
         84        114        816
         84        116     1136.5
         84        118       1758
         84        124     1271.6
         84        126    2608.58
         84        128     1800.9
         84        130   1415.495
         88        134        914
         88        136     916.34
         88        138        650
         88        140     721.19
         90        136      805.2
         90        138    831.842
         90        140    634.919
         90        142      730.6
         90        144        810
         92        140     691.42
         92        142    809.907
         92        144     919.14
         92        146     927.21
         94        142  3.00E+003
         94        144     941.47
         94        146     860.71
         94        148        956
         94        152        991
         96        148    984.914
         96        150    1174.72
         96        152       1084
         98        152    1154.24
