          2          2      28640
          4          4    27494.1
          6          6  1.03E+004
          6          8       9746
          8          8      11260
          8         10     5336.4
          8         12       5387
         10          8       4590
         10         10       7191
         10         12       6900
         12         10       6043
         12         12    9305.39
         12         14    4972.29
         12         16     5702.1
         14         12     4831.6
         14         14    6690.74
         14         16     5372.2
         14         18       6242
         16         16     7535.7
         16         18   5228.175
         18         16       4967
         18         18    10853.8
         18         20     4709.7
         20         18       4748
         20         20    5211.56
         20         20    11319.8
         20         22       3300
         20         24     3580.4
         20         26       4758
         20         28       5461
         22         20       4245
         22         22       4605
         22         24     3571.7
         22         26       3852
         22         28       5633
         24         24       4280
         24         26       3850
         24         28       5600
         24         30     4012.9
         24         32       3897
         26         26       5363
         26         28     4290.8
         26         30    3610.21
         26         32    3243.97
         26         32    10168.4
         26         34     2356.2
         28         28     5003.7
         28         30     3531.1
         28         32   3317.829
         28         34    2890.63
         28         36    3025.83
         28         38       2664
         28         40     2511.9
         30         32     3042.9
         30         34    2609.46
         30         36       3030
         30         38    3102.51
         30         40     2140.2
         30         42       2476
         32         36       2617
         32         38     2306.9
         32         40       2029
         32         42   1724.954
         32         44     2897.7
         32         46       3350
         34         40    1657.47
         34         42   2170.554
         34         44   1758.689
         34         46     1873.4
         34         48    2625.78
         34         50       2244
         36         38       1654
         36         46    2171.67
         36         50     3541.3
         38         44       2665
         38         46     2071.6
         38         48       2203
         38         50    3992.42
         38         52    2971.12
         38         54    2527.18
         38         58     1464.6
         40         48       2231
         40         50       4126
         40         52    2904.08
         40         54       3776
         40         56    2695.18
         40         58    1436.08
         40         60      829.2
         42         48       2450
         42         50    3841.87
         42         52    2780.51
         42         54       1330
         42         56    1963.08
         42         58    1504.62
         42         60       1334
         44         50       3615
         44         56   1741.013
         44         58    1837.25
         44         60       1335
         44         62    2632.82
         46         56     1658.1
         46         58    1792.86
         46         60    1706.44
         46         62    1314.23
         46         64    1170.65
         46         68    1115.56
         46         70     1732.9
         48         58    2144.06
         48         60    1913.42
         48         62    1731.31
         48         64    1433.27
         48         66   1305.609
         48         68    1380.31
         48         70       1460
         48         72     1744.9
         48         74     1991.9
         50         58  3.88E+003
         50         60       2573
         50         62    2617.62
         50         64    2156.28
         50         66    2027.48
         50         68    2056.91
         50         70   2159.931
         50         72    2530.33
         50         74     2688.5
         52         62    1860.68
         52         66    1517.31
         52         68     1613.4
         52         70    1747.04
         52         72    1882.92
         54         64     1721.2
         54         66    1623.25
         54         70    1689.91
         54         72    1760.54
         54         74    1877.32
         54         76    2017.06
         54         82     4320.1
         56         68     1071.3
         56         70    2029.83
         56         72       1710
         56         76     1660.3
         56         78   2159.683
         56         80    2141.34
         56         82       3612
         56         86     1639.6
         58         80    2339.85
         58         82     3016.9
         58         88    1657.22
         60         80       2330
         60         82       2656
         60         84    2328.18
         60         86       1572
         60         88       1600
         60         90     1738.3
         62         78    1628.39
         62         80     2173.3
         62         82    2822.52
         62         84       2331
         62         86    1920.97
         62         88   1255.512
         62         90   1082.842
         62         92    1202.44
         64         82       3020
         64         88     1047.8
         64         90   1182.091
         64         92   1168.186
         64         94   1452.352
         64         96    1379.56
         64         98       1702
         66         84    2671.63
         66         88    1057.88
         66         90     1377.8
         66         92       1269
         66         94    1456.75
         66         96    1666.27
         66         98     1779.5
         68         90     1386.9
         68         94    2114.11
         68         96    1416.56
         68         98     1713.4
         68        100    1422.12
         68        102    1324.29
         68        104       1470
         70         98       1197
         70        100    1228.84
         70        102   1405.008
         70        104       1886
         70        106    1518.93
         72        100     1295.6
         72        104    1293.12
         72        106    1434.23
         72        108     1315.7
         72        110       1265
         74        104    1294.51
         74        106     1472.1
         74        108       2520
         74        110   1322.152
         74        112       1150
         74        114       1960
         76        108       1982
         76        110       1456
         76        112    1478.04
         76        114     1545.3
         76        116    1206.29
         76        118       1540
         78        102     1177.7
         78        104    1152.07
         78        112       1670
         78        114    1546.93
         78        116   1479.236
         78        118   1402.727
         78        120    1481.23
         78        122     1583.1
         80        116     1451.1
         80        118       1550
         80        120   1515.173
         80        122    1564.78
         80        124       2359
         82        104        655
         82        106        725
         82        114     1697.8
         82        116     1734.7
         82        118       1867
         82        120       1862
         82        122    1729.99
         82        124       2314
         82        126     5241.1
         82        126    7595.26
         84        124  3.25E+004
         84        130    1742.98
         88        136       1223
         88        138      824.6
         90        138     938.61
         90        140    1297.14
         90        142     1078.6
         90        144       1150
         92        140      927.3
         92        142   1044.536
         92        144       2750
         92        146     997.23
         94        144       1134
         94        146    1089.45
         96        150     1289.3
         98        152     1266.6
