          2          2      27420
          2          4       1797
          2          6  3.10E+003
          2          8  3.24E+003
          4          2       1670
          4          4       3030
          4          6    3368.03
          4          8       2102
          6          4     3353.7
          6          6    4438.91
          6          8       7012
          6         10       1766
          6         12       1620
          8          6       6590
          8          8     6917.1
          8         10    1982.07
          8         12    1673.68
          8         14       3199
          8         16  4.79E+003
         10          6       1690
         10          8     1887.3
         10         10   1633.674
         10         12   1274.537
         10         14     1981.6
         10         16    2018.28
         10         18       1304
         10         20        792
         10         22        722
         12          8       1598
         12          8       1598
         12         10    1247.02
         12         12   1368.672
         12         14    1808.73
         12         16    1473.54
         12         18     1482.8
         12         20      885.3
         12         22        660
         12         24        660
         12         26        656
         14         10       1879
         14         12     1797.3
         14         14    1779.03
         14         16   2235.322
         14         18     1941.4
         14         20    3327.14
         14         22       1408
         14         24       1084
         14         26        986
         14         28        770
         16         12       1507
         16         14     2210.6
         16         16    2230.57
         16         18   2127.564
         16         20     3290.9
         16         22       1292
         16         24     903.69
         16         26        890
         16         28       1329
         16         30        952
         18         14       1867
         18         16     2091.1
         18         18    1970.38
         18         20    2167.64
         18         22   1460.851
         18         24    1208.24
         18         26    1157.97
         18         28       1577
         18         30       1038
         18         32       1178
         20         16       3045
         20         18    2213.13
         20         20    3904.38
         20         22     1524.7
         20         24   1157.019
         20         26       1346
         20         28    3831.72
         20         30    1026.72
         20         32     2563.1
         20         34       2043
         22         20       1556
         22         22    1083.06
         22         24    889.286
         22         26    983.539
         22         28   1553.778
         22         30    1049.73
         22         32     1494.8
         22         34     1128.2
         22         36       1047
         22         38        850
         22         38        850
         24         22     892.16
         24         24     752.19
         24         26     783.32
         24         28   1434.094
         24         30    834.855
         24         32    1006.61
         24         34      880.7
         24         36      643.9
         24         38        446
         24         40        430
         26         24      764.9
         26         26     849.45
         26         28    1408.19
         26         30   846.7778
         26         32   810.7662
         26         34     823.83
         26         36     877.31
         26         38      746.4
         26         40      574.4
         26         42        522
         28         24       1397
         28         26     1392.3
         28         28     2700.6
         28         30    1454.21
         28         32   1332.514
         28         34    1172.98
         28         36    1345.75
         28         38     1424.8
         28         40    2034.08
         28         42     1259.6
         28         44       1096
         28         46       1024
         28         48        992
         30         28       1356
         30         30     1003.9
         30         32     953.84
         30         34     991.56
         30         36  1039.2279
         30         38    1077.37
         30         40      884.9
         30         42      652.7
         30         44      605.9
         30         46     598.68
         30         48      730.2
         30         50       1492
         32         32      901.7
         32         34     956.94
         32         36    1015.81
         32         38   1039.485
         32         40    834.011
         32         42     595.85
         32         44     562.93
         32         46     619.36
         32         48     659.15
         32         50    1347.51
         32         52      624.3
         32         54        527
         34         32        929
         34         34     853.75
         34         36     944.52
         34         38     862.07
         34         40     634.74
         34         42    559.102
         34         44    613.727
         34         46     666.27
         34         48     654.75
         34         50    1454.55
         34         52      704.1
         36         36     709.72
         36         38     455.61
         36         40     423.96
         36         42    455.033
         36         44      616.6
         36         46     776.52
         36         48    881.615
         36         50    1564.61
         36         52     775.32
         36         54     707.13
         36         56      769.1
         36         58      665.5
         38         36        471
         38         38      262.3
         38         40      277.6
         38         42     385.88
         38         44     573.54
         38         46     793.22
         38         48    1076.68
         38         50    1836.09
         38         52     831.68
         38         54     814.98
         38         56      836.9
         38         58     814.93
         38         60    144.225
         38         62     129.16
         38         64        126
         40         40      288.9
         40         42        407
         40         44     539.92
         40         46     751.75
         40         48    1057.03
         40         50   2186.274
         40         52     934.51
         40         54     918.75
         40         56   1750.497
         40         58    1222.92
         40         60     212.53
         40         62     151.78
         40         64      139.3
         40         66      152.1
         40         68      174.3
         42         42      443.9
         42         44      566.6
         42         46     740.54
         42         48     947.97
         42         50    1509.51
         42         52    871.098
         42         54    778.237
         42         56    787.384
         42         58    535.561
         42         60     296.61
         42         62     192.19
         42         64    171.549
         42         66     192.79
         42         68     213.77
         44         44      616.2
         44         46        738
         44         48      865.7
         44         50    1430.71
         44         52     832.56
         44         54     652.44
         44         56     539.51
         44         58   475.0962
         44         60     358.02
         44         62     270.07
         44         64     242.23
         44         66     240.73
         44         68     236.69
         44         70     265.19
         44         72     292.43
         44         74      327.6
         46         46      873.6
         46         48      813.8
         46         50    1415.31
         46         52     862.89
         46         54      665.5
         46         56     556.44
         46         58     555.81
         46         60     511.85
         46         62    433.938
         46         64      373.8
         46         66     348.66
         46         68     332.61
         46         70     340.26
         46         72      378.6
         46         74        438
         46         76        499
         46         78        590
         46         80      693.3
         46         82     1311.4
         48         50     1394.7
         48         52    1004.11
         48         54     776.55
         48         56        658
         48         58     632.64
         48         60    632.988
         48         62   657.7623
         48         64    617.518
         48         66    558.456
         48         68     513.49
         48         70     487.77
         48         72     505.94
         48         74     569.45
         48         76      612.8
         48         78        652
         48         80        645
         48         82       1325
         50         52       1472
         50         54     1260.1
         50         56     1207.7
         50         58    1206.07
         50         60    1212.02
         50         62    1256.69
         50         64   1299.907
         50         66    1293.56
         50         68   1229.666
         50         70   1171.265
         50         72    1140.51
         50         74   1131.739
         50         76    1141.15
         50         78    1168.82
         50         80    1221.26
         50         82     4041.2
         50         84      725.6
         50         86        688
         50         88        715
         52         54      664.8
         52         56      625.2
         52         58      657.2
         52         60        689
         52         62     708.74
         52         64     678.92
         52         66    605.706
         52         68    560.438
         52         70    564.094
         52         72   602.7271
         52         74    666.352
         52         76    743.219
         52         78    839.494
         52         80     974.22
         52         82    1279.11
         52         84     606.64
         52         86      443.1
         54         56      469.7
         54         58        466
         54         60     450.08
         54         62      393.6
         54         64     337.32
         54         66     322.61
         54         68     331.28
         54         70     354.03
         54         72    388.631
         54         74    442.911
         54         76    536.068
         54         78    667.715
         54         80    847.041
         54         82   1313.027
         54         84    588.827
         54         86    376.658
         54         88      287.2
         54         90      252.6
         56         62        194
         56         64        186
         56         66      195.9
         56         68     229.91
         56         70     256.02
         56         72        284
         56         74     357.38
         56         76    464.508
         56         78   604.7223
         56         80    818.497
         56         82   1435.816
         56         84     602.37
         56         86    359.596
         56         88    199.326
         56         90     181.05
         56         92      141.8
         58         64      136.4
         58         66      141.9
         58         68     169.59
         58         70     207.09
         58         72     253.85
         58         74     325.34
         58         76      409.2
         58         78      552.2
         58         80    788.744
         58         82   1596.237
         58         84    641.282
         58         86    397.441
         58         88     258.46
         58         90    158.467
         58         92         97
         58         94       81.2
         60         68     133.66
         60         70     159.05
         60         72     213.16
         60         74     294.17
         60         76     373.72
         60         78     520.85
         60         80     773.73
         60         82    1575.78
         60         84    696.561
         60         86     453.77
         60         88    301.705
         60         90     130.21
         60         92       72.4
         60         94       70.8
         60         96       67.2
         62         68        122
         62         70        131
         62         72        163
         62         74     254.92
         62         76     346.75
         62         78     530.68
         62         80     768.08
         62         82   1660.027
         62         84    747.115
         62         86    550.255
         62         88    333.955
         62         90   121.7818
         62         92     81.981
         62         94      75.89
         62         96       72.8
         62         98       70.9
         62        102         69
         64         70        115
         64         74     220.79
         64         76      328.6
         64         78      515.2
         64         80        743
         64         82    1971.97
         64         84    784.433
         64         86    638.045
         64         88    344.279
         64         90   123.0709
         64         92      88.97
         64         94    79.5128
         64         96      75.26
         64         98       71.6
         64        100       73.3
         64        102         70
         66         74      202.2
         66         76      315.9
         66         78      492.5
         66         80      682.9
         66         82     1677.3
         66         84     803.64
         66         86     613.83
         66         88     334.34
         66         90     137.77
         66         92     98.918
         66         94    86.7878
         66         96     80.661
         66         98     73.392
         66        100     76.587
         66        102      74.96
         66        104         72
         68         80     645.89
         68         82    1578.33
         68         84      808.3
         68         86      560.8
         68         88     344.53
         68         90     192.15
         68         92      125.8
         68         94     102.04
         68         96      91.38
         68         98    80.5776
         68        100     79.804
         68        102     78.599
         68        104         77
         70         82     1531.4
         70         84      821.3
         70         86        536
         70         88      358.2
         70         90      243.1
         70         92     166.72
         70         94     123.31
         70         96     102.37
         70         98      87.73
         70        100   84.25468
         70        102    78.7427
         70        104     76.471
         70        106     82.135
         70        108         84
         72         82       1513
         72         84      857.2
         72         86     476.36
         72         88      389.4
         72         90        285
         72         92      210.7
         72         94     158.64
         72         96      124.1
         72         98      100.8
         72        100      95.22
         72        102     90.985
         72        104     88.349
         72        106    93.1803
         72        108     93.324
         72        110      97.79
         72        112      107.1
         74         86      609.9
         74         88        450
         74         90      332.7
         74         92        252
         74         94      199.3
         74         96     156.72
         74         98      123.2
         74        100        113
         74        102      108.3
         74        104      105.9
         74        106    103.561
         74        108  100.10598
         74        110   111.2174
         74        112     122.63
         74        114     143.16
         74        116        207
         74        118        219
         76         86      706.7
         76         88        548
         76         90        432
         76         92      341.2
         76         94      286.7
         76         96     227.77
         76         98      158.6
         76        100      135.1
         76        102      132.2
         76        104     132.11
         76        106     126.89
         76        108     119.77
         76        110    137.159
         76        112    155.021
         76        114    186.718
         76        116  205.79442
         76        118    218.509
         76        120        300
         76        122      465.4
         78         90      581.4
         78         92      508.9
         78         94      457.6
         78         96      394.2
         78         98        264
         78        100      170.3
         78        102     153.24
         78        104     154.97
         78        106     162.98
         78        108     191.53
         78        110     265.63
         78        112      295.8
         78        114  316.50645
         78        116    328.464
         78        118   355.6841
         78        120     407.22
         78        122      470.1
         78        124      534.9
         78        126        872
         80         92      672.8
         80         96      613.3
         80         98        558
         80        100     434.24
         80        102      351.7
         80        104     366.78
         80        106     405.33
         80        108      412.8
         80        110     416.32
         80        112     422.79
         80        114     427.89
         80        116     425.98
         80        118   411.8025
         80        120    367.943
         80        122    439.512
         80        124    436.552
         80        126     1068.2
         80        128        669
         80        130        643
         82         98       1168
         82        100      888.3
         82        102      701.5
         82        104      662.4
         82        106      723.9
         82        108      773.9
         82        110     853.64
         82        112     965.08
         82        114     1049.2
         82        116     1063.5
         82        118    1026.61
         82        120     960.67
         82        122    899.165
         82        124    803.054
         82        126    4085.52
         82        128      799.7
         82        130      804.9
         82        132        835
         82        134        887
         84        106      234.1
         84        108        262
         84        110      319.8
         84        112     463.12
         84        114     604.94
         84        116      665.9
         84        118      677.2
         84        120    684.341
         84        122     700.66
         84        124    686.526
         84        126   1181.398
         84        128     727.33
         84        130    609.316
         84        132     549.76
         84        134      509.7
         86        112        339
         86        114      432.6
         86        116        504
         86        118      542.9
         86        120      575.3
         86        122      635.8
         86        124      643.9
         86        126     1273.8
         86        128      694.7
         86        130      461.4
         86        132     324.32
         86        134    240.986
         86        136    186.211
         88        118      474.3
         88        120      520.2
         88        122      603.7
         88        124      629.3
         88        126     1382.4
         88        128      688.2
         88        130      388.9
         88        132     178.47
         88        134     111.12
         88        136     84.373
         88        138      67.67
         88        140     63.823
         88        142       57.4
         88        144       54.5
         90        124        623
         90        126     1478.2
         90        128      689.6
         90        130      386.5
         90        132      183.3
         90        134       98.1
         90        136       72.2
         90        138     57.773
         90        140     53.227
         90        142     49.369
         90        144      49.55
         90        146       48.4
         92        134       81.3
         92        136         59
         92        138     51.727
         92        140     47.573
         92        142    43.4981
         92        144     45.244
         92        146     44.916
         92        148         45
         92        150       47.8
         94        142      44.63
         94        144     44.065
         94        146     42.824
         94        148      44.54
         94        150       44.2
         94        152       46.7
         96        140         45
         96        142         35
         96        144         38
         96        146      42.13
         96        148     42.965
         96        150     42.852
         96        152       43.4
         96        154         43
         98        146         41
         98        148         44
         98        150      41.53
         98        152     42.721
         98        154      45.72
        100        148         46
        100        152       46.6
        100        154         45
        100        156       48.3
        102        150       46.4
        102        152       44.2
        104        152         44
