          2          2      28670
          4          4      16626
          4          6    5958.39
          6          4       6580
          6          6      11160
          6          8     8317.9
          8          6       7768
          8          8     9844.5
          8         10    3920.44
          8         12       4072
          8         14       6512
         10          8     3616.4
         10         10     7421.9
         10         12     4456.2
         10         14       3868
         10         16     3691.3
         12         10       4402
         12         12    4238.24
         12         14    2938.34
         12         16     4554.6
         12         18     2468.4
         14         12    2786.58
         14         14    7380.59
         14         16    3498.49
         14         18     4230.8
         14         20     5330.4
         16         14     3402.6
         16         16     4281.8
         16         18   3304.212
         16         20     4575.2
         16         22       2805
         16         24    2254.79
         16         28       2150
         18         16     3287.7
         18         18    4440.11
         18         20     3936.4
         18         22     2524.1
         18         24     2485.9
         18         26       1610
         18         30       2194
         20         18     3683.7
         20         20    5248.79
         20         22    2424.17
  2.00E+001         24   2656.506
         20         26     3022.6
         20         28     6336.8
         20         30     3002.1
         22         20     2396.1
         22         22    2530.98
         22         24     2961.8
         22         26   2421.059
         22         28    3862.79
         22         30     2264.2
         22         32     2515.8
         24         24       4640
         24         26    2924.25
         24         28    2964.79
         24         30    2619.68
         24         32     1831.6
         26         26     2758.8
         26         28       2900
         26         30  2657.5894
         26         32   1674.731
         26         34     2672.9
         26         36    2016.98
         28         28     5352.5
         28         30    2775.42
         28         32   2158.632
         28         34    2301.84
         28         36    2276.56
         28         38       2916
         28         40    2743.82
         28         42     1867.5
         30         28       2609
         30         30       2559
         30         32    1804.67
         30         34    1799.36
         30         36  1872.7653
         30         38     1883.2
         30         40    1758.76
         30         42     1657.3
         30         44    1670.25
         32         32     1578.7
         32         34    1693.19
         32         36    1777.42
         32         38   1707.622
         32         40    1463.99
         32         42   1204.205
         32         44    1108.44
         32         46    1186.51
         32         48    1573.56
         32         50    2214.91
         34         34     1196.7
  3.40E+001         36     1599.9
         34         38    1316.68
         34         40    1269.01
         34         42   1216.147
         34         44   1308.644
         34         46    1449.35
         34         48    1731.51
         34         50    2984.75
         36         38     1203.2
         36         40    1221.65
         36         42   1147.901
         36         44    1256.24
         36         46   1474.897
         36         48   1897.783
         36         50    2349.47
         36         52    1577.43
         38         42    1142.13
         38         44    1175.71
         38         46    1453.93
         38         48    1854.22
         38         50   3218.489
         38         52    1892.36
         38         54    1384.79
         38         56    2271.22
         38         58    1506.84
         38         60     871.12
         38         62    2115.97
         40         44    1119.31
         40         46    1421.77
         40         48    1817.86
         40         50     3308.8
         40         52    1847.27
         40         54    1671.41
         40         56   2225.846
         40         58    1590.67
         40         60     878.57
         40         62     1036.3
         40         66        607
         42         44     1140.9
         42         46    1495.04
         42         48    1896.48
         42         50    3091.35
         42         52    1864.31
         42         54   1497.787
         42         56   1432.206
         42         58   1063.776
         42         60     847.89
         42         62     812.36
         42         64     710.48
         42         66     586.01
         42         68     494.21
         44         52    1931.07
         44         54    1414.29
         44         56   1362.166
         44         58   1103.047
  4.40E+001         60      893.1
         44         62     792.31
         44         64     707.83
         44         66     612.86
         44         68     523.51
         44         70     563.31
         44         72      614.3
         44         74      647.8
         46         56    1534.48
         46         58    1341.68
         46         60    1128.02
         46         62     931.15
         46         64     813.59
         46         66     736.72
         46         68     694.62
         46         70     737.84
         46         72      812.6
         48         58    1716.53
         48         60   1601.833
         48         62    1475.79
         48         64    1312.39
         48         66   1209.708
         48         68   1212.997
         48         70    1269.55
         48         72    1323.07
         48         74     1367.8
         48         76     1427.6
         50         58    2155.13
         50         60    2121.04
         50         62    2150.87
         50         64   2238.953
         50         66   2112.323
         50         68   2042.882
         50         70   2097.205
         50         72    2153.81
         50         74   2129.596
         50         76    2110.79
         50         78    2104.07
         50         80    2028.31
         52         58     1578.3
         52         60     1483.6
         52         62    1391.34
         52         64     1219.1
         52         66    1150.82
         52         68    1201.27
         52         70   1256.953
         52         72  1325.5131
         52         74   1420.181
         52         76   1519.972
         52         78   1588.256
         52         80    1665.23
         52         82    2464.93
         52         84    1568.36
         54         60     1148.7
         54         62     1015.8
         54         64      928.1
         54         66      876.1
         54         68     843.13
         54         70      846.5
         54         72    879.871
         54         74    969.475
         54         76   1122.112
         54         78   1297.912
         54         80    1613.77
         54         82    2289.53
         54         84    1463.99
         56         66      618.2
         56         68      873.2
         56         70     873.57
         56         72      884.5
         56         74     908.02
         56         76   1031.672
         56         78   1167.968
         56         80   1550.971
         56         82     2217.9
         56         84    1510.68
         56         86    1424.06
         56         88    1848.16
         56         90    1566.42
         56         92     1049.2
         58         68      954.4
         58         70      869.4
         58         72     834.55
         58         74     822.17
         58         76     965.66
         58         78    1092.09
         58         80    1510.58
         58         82   2347.884
         58         84    1536.33
         58         86       1489
         58         88       1274
         58         90     935.59
         60         72     823.54
         60         74     753.86
         60         76     862.37
         60         78    1013.86
         60         80       1414
         60         82   2384.339
         60         84    1560.92
         60         86     1303.1
         60         88    1170.95
         60         90     850.75
         60         92    1251.03
         62         74     712.88
         62         76     745.77
         62         78    1598.79
         62         80    1657.79
         62         82   2423.208
         62         84   1647.929
         62         86   1454.115
         62         88   1046.148
         62         90    810.453
         62         92   1177.812
         62         94       1441
         64         76      713.3
         64         80    1876.41
         64         82       2986
         64         84   1863.445
         64         86   1430.467
         64         88    930.545
         64         90   815.4917
         64         92   1129.437
         64         94   1187.143
         64         96      988.4
         64         98        864
         66         84    1786.37
         66         86     1313.7
         66         88     905.08
         66         90     828.64
         66         92     946.32
         66         94    966.169
         66         96    888.161
         66         98     761.82
         66        100    857.163
         68         84     1715.4
         68         88     930.48
         68         90     820.12
         68         92      854.4
         68         94     900.72
         68         96     860.25
         68         98    785.905
         68        100   821.1685
         68        102     934.03
         70         90      820.4
         70         92     798.42
         70         94    863.886
         70         96     932.38
         70         98        984
         70        100    1138.55
         70        102   1117.874
         70        104   1561.021
         70        106   1199.578
         70        108       1221
         72         84     1454.2
         72         92        816
         72         94     809.96
         72         96     875.94
         72         98      961.3
         72        100     952.43
         72        102     900.24
         72        104    1226.63
         72        106    1174.63
         72        108    1183.36
         74         96     937.06
         74        102        930
         74        104    1082.44
         74        106    1117.31
         74        108  1221.4001
         74        110    903.307
         74        112     737.96
         74        114     628.14
         76         96      702.8
         76         98      690.9
         76        100      742.4
         76        102     770.99
         76        104     831.09
         76        106     890.61
         76        108     942.87
         76        110    767.478
         76        112    633.015
         76        114    557.979
         76        116   489.0601
         76        118     656.54
         76        122      877.6
         78        100      653.2
         78        102     677.48
         78        104     667.77
  7.80E+001        106     648.67
         78        108     607.16
         78        110     605.69
         78        112     597.64
         78        114  612.46318
         78        116    622.002
         78        118    688.693
         78        120     774.72
         78        122     867.58
         80        100      601.6
         80        102      548.3
         80        104     534.42
         80        106     621.08
         80        108        881
         80        110    1099.94
         80        112     1113.6
         80        114    1073.02
         80        116     2012.6
         80        118  1087.6874
         80        120   1254.097
         80        122     959.94
         80        124    1716.76
         82        108       1163
         82        110    1237.88
         82        112    1308.23
         82        114    1449.87
         82        120       1584
         82        122    1351.23
         82        124    1466.81
         82        126     4928.1
         82        128       2209
         84        110      757.8
         84        112     859.05
         84        114    1039.13
         84        116     1392.3
         84        118     1302.5
         84        122     1162.2
         84        124    1263.03
         84        126    2290.14
         84        128     1512.7
         84        130   1377.678
         88        134     1024.9
         88        136     965.51
         88        138      873.7
         88        140     770.71
         88        142     734.87
         90        136      847.8
         90        138    874.535
         90        140    677.515
         90        142     774.15
         92        140     734.57
         92        142     851.74
         92        144      957.9
         92        146     966.13
         94        144     983.09
         94        146     900.32
         94        148      992.5
         94        150       1015
         96        148    1020.76
         96        150    1124.26
         96        152       1050
         98        150       2281
         98        152   1031.852
         98        154      804.8
        100        154     693.67
        100        156      682.3
