          2          2      29890
          4          4      16922
          4          6       7542
          6          4      16500
          6          6      15440
          6          8      10425
          8          6       9715
          8          8      11520
          8         10     5254.8
          8         12       5234
         10         10     7833.4
         10         12     5363.4
         10         14       5575
         12         10     5035.4
         12         12       7349
         12         14    4332.57
         12         16     4878.6
         14         12     4139.6
         14         14    7416.26
         14         16    4810.31
         14         18     5412.4
         16         14       4814
         16         16     5548.5
         16         18   4114.813
         16         20     5391.4
         16         22       3375
         16         28       2278
         18         16       5620
         18         18     4951.4
         18         20     4565.4
         18         22       3208
         18         24     3557.9
         18         26    2010.61
         20         18     4383.7
         20         20    5629.41
         20         22       3392
         20         24    3301.35
         20         26     3638.9
         20         28    6805.15
         20         30       4870
         22         20       3744
         22         22     2886.6
         22         24     3235.7
         22         26       3062
         22         28     4172.5
         22         30    2431.62
         24         24       6100
         24         26     3161.2
         24         28    3161.74
         24         30    3074.07
         24         32     2326.8
         26         26       4456
         26         28       2959
         26         30   2959.972
         26         32    2876.34
         26         34     2755.9
         28         28       6236
         28         30    3037.86
         28         32   3123.698
         28         34    3157.96
         28         36    3275.98
         28         38     3230.6
         30         28       2862
         30         30     4852.2
         30         32    2803.14
         30         34     2793.7
         30         36   2780.157
         30         38    2338.45
         30         40    1957.22
         30         42    3707.27
         32         36    2457.15
         32         38    2156.72
         32         40     2402.3
         32         42   2197.933
         32         44     2503.6
         32         46    1842.73
         34         34     1593.9
         34         38    1998.93
         34         40    1838.65
         34         42   1787.648
         34         44   1995.897
         34         46    1959.82
         34         48    3591.69
         34         50     3024.3
         36         38       1742
         36         40    1687.28
         36         42    1755.86
         36         46   1956.776
         36         48    2622.98
         36         50    2926.16
         36         52    2216.08
         38         42    1653.58
         38         44       1865
         38         46    2886.99
         38         48    2642.18
         38         50    3522.77
         38         52       2586
         38         54    1778.33
         38         56     2921.8
         38         58    1628.19
         38         60    1539.11
         40         48     2568.3
         40         50     3842.2
         40         52    2066.65
         40         54    2151.31
         40         56    2668.82
         40         58    1744.19
         40         60    1196.16
         40         62    1211.05
         42         48       2613
         42         50    3542.31
         42         52    2067.35
         42         54   1625.905
         42         56    1758.48
         42         58     1463.9
         42         60     1144.5
         42         64    1149.84
         44         52    2283.88
         44         54    1817.22
         44         56   1865.116
         44         58    1580.56
         44         60    1515.44
         44         62    1392.21
         44         64    1249.17
         44         66    1396.42
         44         70     1883.1
         46         56    1944.48
         46         58     1794.3
         46         60    1562.25
         46         62    1441.18
         46         64    1214.48
         46         66    1402.64
         46         68    1391.92
         46         70     2074.1
         48         58    2347.55
         48         60   2162.738
         48         62   1783.496
         48         64   1468.822
         48         66   1364.344
         48         68   1642.499
         48         70    1915.77
         50         60     2545.7
         50         62    2476.16
         50         64   2454.072
         50         66   2225.379
         50         68       2120
         50         70   2355.383
         50         72   2415.543
         50         74   2426.316
         50         76    2370.46
         50         78    3519.86
         52         62     1794.3
         52         68    1535.08
         52         70    1752.62
         52         72   2039.421
         52         74   2184.354
         52         76    2193.49
         52         78     1885.7
         52         80    1787.52
         52         82    2933.71
         54         62     1321.5
         54         64    1228.31
         54         66    1274.43
         54         68    1495.01
         54         70    1628.57
         54         72   1678.569
         54         74   1999.645
         54         76   2150.191
         54         78   1985.641
         54         80     2262.7
         54         82    2414.74
         54         84    3474.78
         56         68     1353.3
         56         70    1295.99
         56         72     1321.1
         56         74    1557.55
         56         76   1685.753
         56         78   2029.242
         56         80   2080.026
         56         82    2639.48
         56         84    1993.66
         56         86       1693
         56         88    1864.25
         58         70       1306
         58         74    1497.08
         58         76     1964.4
         58         78    2154.95
         58         80     2642.4
         58         82   2521.431
         58         84    2004.89
         58         86       1819
         58         88    1381.92
         58         90      989.9
         60         80     1490.1
         60         82   2583.091
         60         84    2072.91
         60         86    1470.59
         60         88    1248.85
         60         90    1062.05
         62         74    1490.94
         62         78    2283.89
         62         80     2055.5
         62         82   2660.691
         62         84   2155.798
         62         86   1664.278
         62         88   1193.843
         62         90   1085.841
         62         92    1286.29
         64         80    2226.51
         64         82       3190
         64         84    2188.67
         64         86   1518.362
         64         88   1109.202
         64         90   996.2568
         64         92   1154.152
         64         94  1259.8691
         64         96    1377.06
         64         98       1492
         66         84    1983.18
         66         86     1448.2
         66         88    1027.04
         66         90      890.5
         66         92    1085.58
         66         94   1349.756
         66         96   1453.468
         66         98     1393.7
         66        100       1208
         68         88    1220.74
         68         90     989.08
         68         92    1007.95
         68         94    1171.02
         68         96    1314.56
         68         98   1528.401
         68        100  1276.2716
         68        102        960
         70         90     1292.8
         70         92    1129.58
         70         94    1073.48
         70         96    1144.29
         70         98     1233.1
         70        100    1145.72
         70        102   1465.875
         70        104   1633.973
         70        106   1260.893
         70        108       1387
         72         94    1218.76
         72         96    1058.62
         72         98        987
         72        100    1075.29
         72        102    1226.77
         72        104    1341.31
         72        106   1276.692
         72        108    1199.72
         74         96      952.5
         74        102     1040.2
         74        104    1110.43
         74        106    1322.09
         74        108  1257.4121
         74        110    1121.44
         74        112   1030.232
         76         96     810.01
         76         98      846.2
         76        100      863.6
         76        102     864.35
         76        104     870.44
         76        106    1159.88
         76        108    1204.71
         76        110    1208.44
         76        112    1304.82
         76        114    1114.72
         76        116    1127.51
         78        102     861.39
         78        104     856.26
         78        106     843.91
         78        108     798.48
         78        110    1115.24
         78        112    1203.02
         78        114   1439.263
         78        116   1511.966
         78        118   1361.585
         78        120    1279.44
         78        122     1692.5
         80        106    1096.61
         80        110    1558.71
         80        118    1419.41
         80        120   1573.663
         80        122    1182.26
         80        124    1947.69
         82        114     1896.1
         82        120       1657
         82        122    1582.78
         82        124    1784.09
         82        126    5561.31
         82        128       3070
         84        124       1539
         84        126       3792
         84        128    1679.45
         84        130   1543.372
         88        134     1556.1
         88        136     992.65
         88        138     1122.4
         88        140     846.15
         88        142    1033.94
         90        138    968.984
         90        140    781.375
         90        142     785.25
         92        140     866.79
         92        142     926.72
         92        144      960.3
         92        146    1037.25
         94        144   1028.537
         94        146    1130.95
         94        148       1102
         96        150    1210.52
         96        152       1131
         98        152    1189.39
