          4          4      19069
          6          6  2.05E+004
          6         10       4088
          8          8      11080
          8         10     5377.8
          8         14       4584
         10          8       4561
         10         10       9873
         10         12     5641.2
         12         10     5452.4
         12         12    5235.12
         12         14    3941.55
         14         12    3757.03
         14         14     6276.2
         14         16    4830.85
         16         14       4704
         16         16     5412.6
         16         18   4876.839
         16         20       5462
         18         18     7139.6
         18         30       3279
         20         20    6029.71
         20         22       6746
         20         28    4611.81
         22         26   3223.985
         22         28   4171.968
         24         28    3472.25
         26         28     3344.8
         26         30   3445.348
         26         32   2133.895
         26         36    2691.62
         28         28     4935.5
         28         30    3420.55
         28         32    2626.06
         28         34    3058.76
         28         38     2670.8
         30         28       3378
         30         30     3510.3
         30         32     2384.5
         30         34     2979.8
         30         38    3009.27
         32         34    2495.26
         32         36    2428.59
         32         38    2451.29
         32         40    2064.93
         32         42    1697.14
         32         44    1539.46
         34         40    1884.24
         34         42   1688.962
         34         44   1853.927
         34         46    2121.12
         36         38     1941.4
         36         40    1733.29
         36         42    1564.76
         36         44    1787.99
         36         46   2094.011
         38         42    1571.06
         38         44    1688.96
         38         46    2056.07
         38         50    3635.09
         40         42    1449.14
         40         44    1575.56
         40         52    2909.43
         40         54     2507.7
         40         56   2438.746
         40         62     1242.3
         42         44     1587.1
         42         46     2091.9
         42         52    2805.04
         42         54    1978.45
         42         56    2104.72
         42         58    1607.36
         42         60    1245.54
         42         62    1028.35
         42         64     885.17
         42         66     782.97
         42         68     700.75
         44         52    2897.61
         44         54    1796.96
         44         56   1881.044
         44         58     1521.6
         44         60    1242.36
         44         62    1091.55
         44         64     974.84
         44         66     859.96
         44         68     747.48
         44         70      828.5
         44         72      910.9
         44         74      921.1
         46         56    2111.66
         46         58    1820.65
         46         60    1557.68
         46         62    1335.25
         46         64    1212.12
         46         66    1096.27
         46         68    1011.65
         46         70    1066.21
         46         72     1182.6
         48         58    3329.28
         48         60    2145.85
         48         62  2162.8015
         48         64    2064.53
         48         66   1864.262
         48         68   1915.816
         48         70    2091.61
         50         62    2756.02
         50         64    2514.76
         50         66    2996.27
         50         68    3252.03
         50         70    3077.38
         50         72    2944.96
         50         74    2836.58
         52         62     1949.7
         52         64    1637.59
         52         66    1891.92
         52         68    1863.29
         52         70    1951.92
         52         72   2039.293
         52         74    2128.39
         52         76   2163.531
         52         78    2138.63
         52         82    2682.98
         54         62     1474.2
         54         64    1366.18
         54         66     1271.7
         54         68    1214.34
         54         70    1247.63
         54         72    1317.68
         54         74    1429.56
         54         76    1632.58
         54         78   1803.714
         54         80     1919.6
         56         66     1167.8
         56         68    1162.04
         56         70    1236.24
         56         72    1324.38
         56         74    1361.06
         56         76   1511.088
         56         78   1643.336
         56         80    2430.91
         56         82   2445.617
         56         84    1951.61
         58         68     1154.7
         58         70     1138.5
         58         74    1199.45
         58         76     1382.7
         58         78       1553
         58         80    2177.26
         58         82    2412.02
         58         84    2181.95
         58         86    1691.53
         58         88    1576.61
         58         90    1116.63
         60         72    1117.65
         60         74     1089.3
         60         76    1230.94
         60         78    1451.61
         60         82   2547.279
         60         84    2178.97
         60         86    1777.16
         60         88    1511.61
         60         90    1200.55
         60         92    1827.08
         62         76    1083.87
         62         82   2688.394
         62         84    2269.83
         62         86   1903.773
         62         88   1504.572
         62         90   1233.863
         62         92    1539.19
         64         76     1068.2
         64         82     3031.2
         64         88    1434.02
         64         90  1127.8018
         64         92   1248.006
         64         94   1265.518
         64         96    1057.54
         64         98        930
         64        102     1240.1
         66         88    1334.19
         66         90    1022.08
         66         92   1044.596
         66         94   1049.101
         66         96     962.94
         66         98     828.19
         66        100    928.729
         66        1020.0+X      
         68         88    1351.33
         68         90    1043.39
         68         92      987.3
         68         94    1002.06
         68         96      946.4
         68         98    859.389
         68        100   895.7947
         68        102    1010.54
         70         90     1112.8
         70         92     992.07
         70         94    1003.78
         70         96    1039.14
         70         98    1067.15
         70        100    1225.35
         70        102   1172.385
         70        104   1606.358
         70        106   1336.378
         72         94    1007.16
         72         96    1030.93
         72         98    1087.59
         72        100    1180.87
         72        102    1303.36
         72        104    1445.79
         72        106   1268.537
         72        108    1291.15
         74         96    1073.57
         74        102     1179.2
         74        104     1236.5
         74        106    1232.67
         74        108  1331.1153
         74        110   1005.971
         74        112    862.278
         76         96    1107.95
         76         98       1054
         76        100     1037.8
         76        102     1031.9
         76        104    1022.85
         76        106    1039.04
         76        108    1080.97
         76        110    910.471
         76        112     789.98
         76        114    756.022
         76        116   690.3705
         78        102     962.68
         78        104      942.7
         78        106     939.79
         78        108     956.51
         78        110     936.42
         78        112     916.62
         78        114  920.91852
         78        116    922.754
         78        118   1015.044
         78        120    1248.01
         78        122    1181.28
         80        106    1433.83
         80        108     1455.1
         80        110    1657.07
         80        112     1535.2
         80        114    1468.39
         80        118    1847.21
         80        120   1659.005
         80        122    1561.98
         80        124    2094.46
         82        120    2185.06
         82        122    1604.82
         82        124    1340.49
         82        126   5317.041
         84        120     1255.3
         84        122     1564.7
         84        124     1420.2
         84        126   2413.834
         84        130    1712.97
         88        140     898.86
         88        142      785.9
         90        138   1022.542
         90        140    825.664
         90        142      829.6
         92        140     911.49
         92        142    968.425
         92        144     1001.5
         92        146    1059.66
         94        144   1069.929
         94        146    1030.55
         96        150    1165.48
         98        150       2314
         98        152    1071.37
         98        154      845.7
        100        154     733.65
        100        156      725.8
