          4          4  1.14E+004
          4          6      11760
          6          6      14083
          6          8      10736
          6         10       4142
          8          6       9915
          8          8      10356
          8         10    3554.84
          8         12       3570
          8         14       6938
         10          8     3376.2
         10         10     4247.7
         10         12     3357.2
         10         14       3972
  1.00E+001  1.80E+001       3010
         10         20       2235
         12         10    3308.22
         12         12   4122.889
         12         14    4318.88
         12         16       4021
         12         18     3381.2
         12         20     2322.3
         12         22       2120
         12         26       2016
         14         12     3842.2
         14         14    4617.86
         14         16    5279.37
         14         22       2850
         16         14       5168
         16         16     4459.1
         16         18    4688.98
         16         20     6514.4
         16         22     2825.2
         16         24    1916.84
         16         28       2457
         18         18     4414.4
         18         20     5349.4
         18         22     2892.6
         18         24     3096.2
         18         26     2746.2
         18         30       2753
         18         32       2760
         20         18       5810
         20         20     5278.8
         20         22    2752.41
         20         24   2283.114
         20         26     2574.7
         20         28    4503.14
         20         30    4515.02
         22         20     2676.6
         22         22    2454.33
         22         24   2009.846
         22         26   2295.654
         22         28    2674.91
         22         30    2317.65
         22         32       2496
         22         34     2288.2
         22         36       2038
         22         38       1716
         22         38       1716
         24         22     1987.1
         24         24    1858.47
         24         26    1881.31
         24         28   2369.633
         24         30    1823.93
         24         32     2681.7
         24         34     1938.6
         24         36     1460.7
         24         38       1175
         24         40       1141
         26         24     1851.5
         26         26    2384.55
         26         28     2538.1
         26         30  2085.1045
         26         32    2076.52
         26         34     2114.6
         26         36    2176.47
         26         38    1763.12
         26         40       1407
         26         42       1389
         28         24       2385
         28         26     2619.7
         28         28     3923.6
         28         30    2459.21
         28         32   2505.753
         28         34    2336.52
         28         36     2610.1
         28         38    3185.44
         28         40     3149.2
         28         42     2229.5
         28         44       1941
         28         46       1763
         28         48       1922
         30         28       2499
         30         30       2193
         30         32    2186.06
         30         34    2306.75
         30         36    2451.01
         30         38     2417.4
         30         40    1786.33
         30         42    1499.52
         30         46    1296.46
         30         48     1620.7
         32         32     2052.6
         32         34    2173.29
         32         36    2267.83
         32         38    2153.16
         32         40     1728.3
         32         42   1463.759
         32         44    1410.08
         32         46     1570.2
         32         48    1742.59
         32         50     2028.6
         32         52     1670.4
         34         34     1942.1
         34         36     2038.1
         34         38    1636.86
         34         40    1363.17
         34         42    1330.86
         34         44   1502.825
         34         46    1701.45
         34         48    1735.12
         34         50    2121.65
         34         52     1567.9
         36         36     1321.4
         36         38    1013.32
         36         40    1034.62
         36         42    1119.48
         36         44    1436.09
         36         46    1820.53
         36         48       2095
         36         50    2250.01
         36         52    1643.78
         36         56       1804
         36         58     1518.7
         38         36       1043
         38         38      746.7
         38         40      780.8
         38         42     980.68
         38         44    1328.54
         38         46    1767.69
         38         48    2229.81
         38         50       4232
         38         52    1655.91
         38         54     1673.3
         38         56       2146
         38         58    1792.77
         38         60     433.52
         38         62     417.98
         40         40      825.8
         40         42    1040.84
         40         44    1262.81
         40         46    1666.57
         40         48    2139.59
         40         50   3076.927
         40         52    1495.46
         40         54    1469.62
         40         56       2750
         40         58    1843.45
         40         60    564.486
         40         62     478.28
         40         64      452.1
         40         66      476.5
         40         68      521.5
         42         42     1117.3
         42         44     1327.5
         42         46    1654.83
         42         48    2002.06
         42         50    2282.61
         42         52    1573.76
         42         54   1628.188
         42         56   1510.039
         42         58    1136.09
         42         60     743.73
         42         62     560.68
         42         64     522.32
         42         66     563.69
         42         68     599.69
         44         44       1416
         44         46    1638.11
         44         48     1854.9
         44         50     2186.6
         44         52    1518.05
         44         54    1397.82
         44         56   1226.465
         44         58    1106.43
         44         60     888.48
         44         62     714.69
         44         64      665.1
         44         66     663.35
         44         68     644.97
         44         70      708.2
         44         72      760.1
         44         74      809.9
         46         46       1786
         46         48    1719.11
         46         50    2099.01
         46         52     1541.4
         46         54    1416.15
         46         56    1275.91
         46         58    1323.59
         46         60     1229.3
         46         62   1048.216
         46         64     920.78
         46         66     882.96
         46         68     852.37
         46         70     877.58
         46         72      953.2
         46         74     1056.5
         46         76       1164
         46         78       1300
         46         80       1481
         46         82     1815.8
         48         50     2082.3
         48         52       1799
         48         54     1637.9
         48         56     1492.1
         48         58    1493.78
         48         60   1508.466
         48         62  1542.4441
         48         64    1415.48
         48         66   1283.739
         48         68   1219.448
         48         70    1164.94
         48         72     1203.7
         48         74    1329.15
         48         76     1385.1
         48         78       1467
         48         80       1429
         48         82       1864
         50         52       1969
         50         54     1942.7
         50         56     2019.6
         50         58    2111.11
         50         60    2197.05
         50         62    2247.39
         50         64   2187.602
         50         66   2390.879
         50         68   2280.342
         50         70   2194.299
         50         72    2142.06
         50         74   2101.711
         50         76    2049.74
         50         78    2000.37
         50         80    1995.62
         50         82    4416.29
         50         84     1073.4
         50         86       1079
         50         88       1176
         52         54     1353.2
         52         56       1289
         52         58     1401.8
         52         60     1476.1
         52         62    1483.83
         52         64    1359.39
         52         66    1206.42
         52         68    1161.56
         52         70   1181.248
         52         72  1248.5811
         52         74   1361.395
         52         76   1497.035
         52         78   1632.997
         52         80    1671.29
         52         82    1576.13
         52         84       1030
         52         86      904.1
         54         56     1113.1
         54         58     1122.1
         54         60     1069.1
         54         62      917.9
         54         64     810.27
         54         66     796.16
         54         68     828.53
         54         70     878.92
         54         72        942
         54         74   1033.147
         54         76   1204.614
         54         78   1440.323
         54         80    1731.17
         54         82   1694.386
         54         84    1072.53
         54         86    834.289
         54         88      690.7
         54         90      644.3
         56         62        554
         56         64        544
         56         66      568.6
         56         68     651.66
         56         70      711.1
         56         72     763.31
         56         74     901.85
         56         76   1127.615
         56         78    1400.59
         56         80   1866.548
         56         82   1898.614
         56         84     1130.6
         56         86     834.81
         56         88     530.19
         56         90      513.5
         56         92      423.1
         58         64      434.7
         58         66      447.8
         58         68     519.04
         58         70     606.77
         58         72     710.37
         58         74     858.82
         58         76    1048.68
         58         78    1314.15
         58         80    1826.48
         58         82    2083.26
         58         84    1219.37
         58         86     938.65
         58         88     668.31
         58         90     453.45
         58         92      305.7
         58         94        264
         60         68     424.47
         60         70      485.5
         60         72     610.85
         60         74     788.92
         60         76     976.37
         60         78    1249.87
         60         80     1801.9
         60         82   2100.787
         60         84   1314.669
         60         86    1042.22
         60         88     752.29
         60         90      381.1
         60         92     236.54
         60         94      233.2
         60         96      222.2
         62         70        417
         62         72        479
         62         74     686.36
         62         76      891.6
         62         78    1245.83
         62         80     1791.4
         62         82   2190.891
         62         84    1381.28
         62         86   1180.261
         62         88    773.374
         62         90   366.4793
         62         92    266.817
         62         94     249.71
         62         96      240.3
         62         98      233.3
         62        102      224.9
         64         74      605.2
         64         76      836.2
         64         78     1208.8
         64         80    1744.52
         64         82    2611.39
         64         84   1416.378
         64         86    1288.42
         64         88   755.3961
         64         90   370.9998
         64         92    288.187
         64         94   261.4568
         64         96     248.52
         64         98      236.4
         64        100      241.9
         64        102      230.8
         66         74      566.2
         66         76      798.9
         66         78       1165
         66         80     1608.2
         66         82     2426.7
         66         84    1456.96
         66         86     1261.2
         66         88     746.78
         66         90     404.19
         66         92    317.139
         66         94   283.8221
         66         96    265.664
         66  9.80E+001    242.231
         66        100   253.5278
         66        102     248.33
         66        104        235
         68         80    1522.68
         68         82     2293.9
         68         84     1480.9
         68         86     1162.2
         68         88     797.39
         68         90     527.22
         68         92      389.9
         68         94     329.62
         68         96     299.43
         68         98     264.99
         68        100   264.0888
         68  1.02E+002    260.148
         68        104        255
         70         84       1516
         70         86     1143.2
         70         88      835.2
         70         90      638.4
         70         92     487.33
         70         94     385.56
         70         96     330.48
         70         98    286.551
         70        100     277.43
         70        102    260.268
         70        104    253.117
         70        106     271.85
         70        108        278
         72         84     1585.2
         72         86    1033.33
         72  8.80E+001     898.26
         72         90      729.5
         72         92      587.1
         72         94     470.46
         72         96     385.92
         72         98     321.99
         72        100     309.24
         72        102     297.38
         72        104     290.18
         72        106   306.6182
         72        108    308.576
         72        110     322.17
         72        112      349.6
         74         86     1264.6
         74         90      823.7
         74         92      675.7
         74         94      562.3
         74         96     462.33
         74         98      377.1
         74        100      356.4
         74        102      348.2
         74        104     342.74
         74        106    337.559
         74        108   329.4268
         74        110    364.069
         74        112    396.547
         74        114     439.49
         74        116        564
         76  8.60E+001     1406.5
         76  8.80E+001     1206.3
         76         90       1021
         76         92      857.3
         76         94      749.9
         76         96     606.17
         76         98        435
         76        100      395.5
         76        102     398.79
         76        104     408.63
         76        106     400.29
         76        108     383.68
         76        110    434.087
         76        112     477.94
         76        114    547.854
         76        116     580.28
         76        118        601
         76        122     1073.6
         78         90     1307.3
         78         92     1171.2
         78         94    1069.98
         78         96      891.8
         78         98      564.1
         78        100      427.4
         78        102     410.73
         78        104     419.62
         78        106     435.91
         78        108     490.33
         78        110     671.01
         78        112     737.04
         78        114   784.5759
         78        116    811.269
         78  1.18E+002    876.865
         78  1.20E+002     985.07
         78        122     1103.3
         78        124     1253.6
         80         92     1518.6
         80         96     1369.7
         80         98     1012.4
         80        100     706.27
         80        102      613.2
         80        104     653.77
         80        106     807.99
         80        108     1004.8
         80        110    1041.77
         80        112    1057.58
         80        114    1064.19
         80        116    1061.44
         80        118    1048.49
         80        120     947.24
         80        122    1119.84
         80        124    1128.23
         80        128     1093.9
         80  1.30E+002       1196
         82         98       1446
         82        100     1119.5
         82        102      938.9
         82        104        923
         82        106     1064.7
         82        108     1229.1
         82        110     1355.5
         82        112    1540.03
         82        114    1738.27
         82        116     1625.9
         82        118    1488.95
         82        120    1382.84
         82        122    1274.13
         82        124    1683.99
         82        126   4323.946
         82  1.28E+002     1097.7
         82        130       1117
         82        132       1179
         82        134       1289
         84        106      532.4
         84        108      605.2
         84        110      686.5
         84        112     890.99
         84        114    1158.39
         84        116     1276.9
         84        118     1248.6
         84        120   1200.661
         84        122     1177.8
         84        124    1346.56
         84        126   1426.701
         84        128    1132.53
         84        130   1015.039
         84        132     968.94
         84        134      935.2
         86  1.12E+002      749.5
         86        114      936.3
         86        116     1073.1
         86        118     1131.5
         86        120     1134.3
         86        122     1188.9
         86        124     1461.6
         86        126     1501.5
         86        128     1141.2
         86        130      840.5
         86        132     653.18
         86        134     533.68
         86        136     448.37
         88        118     1052.1
         88        120     1093.6
         88        122     1205.1
         88        124     1454.3
         88        126     1639.3
         88        128     1164.1
         88        130      741.1
         88        132     410.07
         88        134     301.39
         88        136    250.783
         88        138     211.54
         88        140    204.702
         88        142     186.64
         88        144      179.2
         90        124       1453
         90        126     1813.8
         90        128     1194.2
         90        130      759.8
         90        132      439.8
         90        134      284.1
         90        136     226.43
         90        138    186.838
         90        140    174.111
         90        142     162.12
         90        144     163.05
         90        146        160
         92        134        250
         92        138     169.34
         92        140    156.566
         92        142    143.352
         92        144    149.477
         92        146     148.38
         92        148      150.6
         92        150      158.2
         94        142     147.45
         94        144    145.936
         94        146     141.69
         94        148      147.3
         94        150        155
         94        152      154.5
         96        146        137
         96        148    142.348
         96        150    141.989
         96        152      143.8
         98        150     137.81
         98        152    141.875
         98        154     151.74
        100        148        152
        100        154     149.35
        100        156      159.9
        102        150      153.8
        102        152      145.3
        104        152        148
