          4          4      19860
          6          8      14667
          8          8    11096.7
          8         10     7116.9
          8         12       4850
         10          8       6297
         10         10       9031
         10         12     5523.3
         10         18       3904
         12         10    5293.11
         12         12    6010.84
         12         14     4901.3
         12         18     3461.1
         14         12     4446.1
         14         14    6887.65
         14         16    5950.73
         16         16       6411
         16         18       4882
         16         22       4336
         18         18     6136.5
         18         20     6053.3
         18         22       3515
         20         20    6507.87
         20         22    3253.88
         20         24    3044.27
         20         26     3859.7
         20         28    6344.81
         22         20       4950
         22         22       3364
         22         24       3848
         22         26   3239.785
         22         28   4147.189
         22         30     3349.9
         24         22       9152
         24         24     4428.7
         24         26    3324.57
         24         28    2767.77
         24         30    3159.57
         24         34     2981.8
         26         24     3397.2
         26         26       3585
         26         28     3294.8
         26         30    3122.97
         26         32   2600.397
         26         34    3072.01
         26         36    3633.48
         28         28     5483.7
         28         30       3524
         28         32    3119.87
         28         34     3176.7
         28         36     3166.1
         28         38       4125
         30         30       3710
         30         32     2743.6
         30         34    2736.53
         30         36    2765.56
         30         38    2959.49
         30         40    2692.98
         32         32     2154.8
         32         34     2725.7
         32         36    2831.86
         32         38    2806.24
         32         40       2049
         32         42       2572
         32         44    2019.87
         32         46       2292
         32         50    2286.33
         34         34     2545.1
         34         36     2382.6
         34         38    3124.07
         34         40    2107.96
         34         42   2025.994
         34         44    2190.65
         34         46    2494.77
         34         48     3103.3
         34         50    4445.19
         36         38       2112
         36         40     1957.3
         36         42    1872.91
         36         44    2145.88
         36         46   2426.881
         36         48    2345.46
         36         50       4175
         36         52    2103.81
         36         56       1985
         38         42    1832.55
         38         44    1996.02
         38         46    2598.23
         38         48    2878.32
         38         50    4299.52
         38         56    2649.78
         38         58    1975.73
         40         44    1887.91
         40         48     2605.2
         40         50       4062
         40         52    2398.36
         40         54     2329.9
         40         56   2857.373
         40         58     2047.6
         40         60    1414.62
         40         62     1386.7
         42         44     1923.4
         42         50    3368.68
         42         52    2294.79
         42         54   1869.576
         42         56   2223.855
         42         58    1771.44
         42         60    1398.39
         42         62    1214.82
         42         64    1067.77
         42         66     978.29
         42         68     915.51
         44         52    3291.54
         44         54     2266.5
         44         56   2062.649
         44         58    1799.08
         44         60     1502.6
         44         62     1306.8
         44         64    1182.97
         44         66    1084.37
         44         68     980.68
         44         70     1081.9
         44         72     1150.1
         44         74     1180.5
         46         54    1926.02
         46         56    2138.03
         46         58    2082.38
         46         60    1932.32
         46         62    1624.16
         46         64    1398.31
         46         66    1362.37
         46         68    1319.89
         46         70    1373.01
         46         72     1461.6
         48         52    2046.24
         48         56     2114.2
         48         58    2104.53
         48         60    2239.35
         48         62    1809.48
         48         64    1870.68
         48         66   1732.246
         48         68   1869.477
         50         58    2855.04
         50         60     2455.6
         50         62     2520.7
         50         64   2614.461
         50         66   2529.202
         50         68       2408
         50         70   2465.632
         50         72    2331.09
         50         74    2221.75
         50         76       3424
         50         80    3425.01
         52         58       1915
         52         62    2027.02
         52         64       1746
         52         66    1702.74
         52         68    1815.12
         52         70    1909.61
         52         72   1957.902
         52         74   2013.172
         52         76    2027.78
         52         78   1981.546
         52         80    2764.37
         52         82    2554.52
         54         60     1776.7
         54         62       1557
         54         64    1441.16
         54         66    1401.34
         54         68    1402.71
         54         70    1437.96
         54         72    1488.38
         54         74     1603.5
         54         76   1808.166
         54         78    1963.01
         54         80       2082
         54         82    2465.03
         56         66     1205.2
         56         68    1324.78
         56         70    1345.45
         56         72    1372.32
         56         74    1477.53
         56         76   1729.343
         56         78   1969.921
         56         80   2053.822
         56         82    2307.59
         58         68    1337.14
         58         70     1312.1
         58         72    1322.83
         58         74    1384.06
         58         76    1643.47
         58         80    2136.82
         58         82    2480.93
         58         84    2044.51
         58         86    1673.67
         58         88     1627.1
         58         90    1223.98
         60         72     1021.6
         60         74    1313.03
         60         76    1541.67
         60         78    1842.93
         60         80       2400
         60         82    2437.17
         60         84    2109.79
         60         86    1744.96
         60         88     1604.1
         60         90    1137.84
         60         92    1474.63
         62         74    1170.98
         62         76     1398.5
         62         80       2582
         62         82    2587.78
         62         84    2280.78
         62         86   1733.465
         62         88   1449.182
         62         90    1022.97
         62         92     1337.6
         62         94    1509.22
         64         74     1080.4
         64         76     1281.4
         64         82       4336
         64         84    2522.04
         64         88   1282.246
         64         90   1047.592
         64         92   1297.822
         64         94   1358.467
         64         96    1070.42
         64         98       1015
         64        102     1318.9
         66         86    1750.71
         66         88    1251.52
         66         90    1088.28
         66         92    1163.75
         66         94   1155.841
         66         96   1060.991
         66         98        916
         66        100   1023.434
         68         88    1406.15
         68         90    1183.78
         68         92       1375
         68         94    1128.11
         68         96    1058.48
         68         98    956.232
         68        100   994.7474
         68        102    1103.36
         70         94    1144.31
         70         96    1162.74
         70         98    1171.38
         70        100     1292.4
         70        102   1263.028
         70        104    1701.68
         70        106    1341.08
         70        108       1559
         72         84     2221.6
         72         96    1160.71
         72         98     1156.6
         72        100    1129.52
         72        102    1062.17
         72        104    1390.19
         72        106   1384.461
         72        108    1369.65
         74         96    1202.18
         74        102       1117
         74        104    1275.09
         74        106    1360.51
         74        108   1442.835
         74        110    1133.85
         74        112   1006.731
         74        114     939.23
         76         96    1137.88
         76         98      989.4
         76        100     1025.6
         76        102    1023.17
         76        104    1052.66
         76        106     1190.3
         76        108    1224.99
         76        110    1070.48
         76        112     965.65
         76        114    955.372
         76        116    909.592
         76        122     1350.9
         78        100     1058.2
         78        102    1049.25
         78        104    1034.04
         78        106    1027.81
         78        108      991.5
         78        110    1085.18
         78        112     1128.2
         78        114  1201.0452
         78        116   1229.487
         78        118   1293.308
         78        120    1286.14
         78        122     1268.5
         80        102     1124.8
         80        104    1086.56
         80        106    1080.36
         80        108     1207.8
         80        110     1975.3
         80        112    1732.98
         80        118     1834.9
         80        122    1311.53
         80        124       3021
         82        106     1196.1
         82        108     1521.3
         82        112     4752.7
         82        114     1861.7
         82        116     1980.7
         82        120    1623.04
         82        122    1563.42
         82        124    1997.67
         82        126   5216.214
         82        128       2701
         84        110     1211.3
         84        112    1387.75
         84        114    1483.35
         84        118     1667.4
         84        120    1552.18
         84        122    1434.35
         84        124    1583.21
         84        126   2382.543
         86        122     1414.3
         86        124     1545.1
         88        120     1468.4
         88        122     1377.8
         88        140     880.31
         88        142     849.88
         90        138    968.451
         90        140      769.6
         90        142        873
         92        140     833.07
         92        142     947.64
         92        144    1050.85
         92        146    1056.38
         94        144    1125.75
         94        146      992.4
         94        148     1825.8
         96        150    1219.95
         96        152       1144
         98        150       2072
         98        152       1123
         98        154      900.3
        100        156      783.4
