          4          4      25500
          6          8      16020
          8          8      13869
          8         10      10295
          8         12       7754
         10         10       9990
         10         12     6345.1
         12         10       5318
         12         12    8439.36
         12         14    5476.11
         14         12     4798.5
         14         14    9164.68
         14         16     7223.2
         16         16     6851.5
         16         18    6251.22
         18         18       6356
         18         20     6276.1
         18         22       4427
         20         20     6542.8
         20         22       4443
         20         24    5005.65
         20         26     4489.4
         20         28    6648.79
         22         20       5220
         22         22       3980
         22         24     3941.9
         22         26       4077
         22         28   5379.907
         22         30       4058
         24         24    5792.77
         24         26     3611.4
         24         28    3415.32
         24         30    3655.23
         26         26       5328
         26         28     3833.2
         26         30   4100.363
         26         32       3134
         26         34     3498.6
         28         28     5988.1
         28         30    3620.09
         28         32    3671.16
         28         34    3277.69
         28         36     3395.7
         30         32    3209.86
         30         34    3077.77
         30         36    3077.73
         30         38    3281.58
         30         40    2977.84
         32         32     2669.6
         32         34    3022.43
         32         36    3040.73
         32         38   3058.707
         32         40     2463.9
         32         42    2669.62
         32         44     2733.4
         32         46     2952.9
         34         36     2553.1
         34         38       3762
         34         40       2903
         34         42     2619.2
         34         44    2682.11
         34         46       3033
         34         48     3238.8
         34         50       5258
         36         46   2556.173
         36         50       4399
         36         52    2550.34
         36         56     2066.2
         38         46    4062.78
         38         48    3362.11
         38         50    4451.97
         38         58    2120.07
         40         48     3074.9
         40         50       4305
         40         52    2864.66
         40         54     2860.6
         40         56    3082.36
         40         58     2276.9
         40         62     1538.1
         42         50       3692
         42         52    2564.98
         42         54   2219.425
         42         56       2240
         42         58    2103.17
         42         60       2239
         42         62     1583.5
         42         64    1434.73
         42         66     1422.4
         44         54       2285
         44         56   2351.246
         44         60    2080.84
         44         62       2367
         44         64    1643.87
         44         66    1618.37
         44         68     1413.6
         44         70     1578.5
         44         72     1476.5
         46         54    2350.81
         46         56    2301.28
         46         58    2181.56
         46         60    2076.69
         46         62     1955.8
         46         64    1718.86
         46         66     1887.4
         48         58     2252.2
         48         60    2645.62
         48         62  2220.0683
         48         64    2081.64
         48         66   1932.077
         48         68    2041.91
         50         60     2694.5
         50         62    2783.66
         50         64    2765.36
         50         66    2801.28
         50         68   2488.871
         50         70   2643.353
         50         72    2959.12
         50         74       2706
         50         76       5339
         50         80    4405.46
         52         58     2191.4
         52         64    1811.77
         52         66    1976.18
         52         68     3036.3
         52         70    2041.18
         52         72   2224.954
         52         74   2309.185
         52         78    2330.74
         52         80    3014.93
         54         62     1838.8
         54         64    1730.41
         54         66    1711.75
         54         70     1873.4
         54         72    1903.13
         54         76    2081.96
         54         78    2110.28
         54         80    2352.97
         54         82    2559.87
         56         74    1844.65
         56         76    1944.29
         56         78   2118.195
         56         80    2356.47
         56         82    2582.81
         58         68       1877
         58         74    1931.97
         58         76       1812
         58         80    2443.68
         58         82       3331
         58         84    2111.87
         58         86    1829.01
         58         88     1802.3
         60         72       1388
         60         80       2686
         60         82    2737.26
         60         84    2295.41
         60         86     1918.8
         60         88    1683.38
         60         90     1352.5
         60         92    1897.97
         62         80       2867
         62         82   2883.008
         62         84   2438.981
         62         86   1894.824
         62         88   1642.611
         62         90   1371.735
         62         92    1472.16
         64         82       4368
         64         84       2763
         64         88    1550.16
         64         90   1263.778
         64         92   1355.422
         64         94   1380.626
         64         96    1147.78
         64        102     1350.1
         66         88    1442.28
         66         90    1168.47
         66         92       1280
         66         94    1522.33
         66         96   1535.664
         66         98     1607.7
         68         88    1546.68
         68         90    1257.28
         68         94       1369
         68         96     1469.7
         68         98   1678.765
         68        100  1411.0959
         68        102    1127.32
         70         96     1342.5
         70         98    1390.12
         70        100    1329.31
         70        102    1286.54
         70        104   1715.449
         70        106     1435.5
         70        108       2390
         72         96    1284.66
         72         98     1219.6
         72        100    1304.66
         72        102     1394.6
         72        104     1540.3
         72        106   1450.363
         72        108    1409.26
         74         96       1220
         74        102     1321.3
         74        104    1380.14
         74        108    1510.22
         74        110    1360.38
         74        112    1298.93
         76         96    1339.53
         76         98     1254.1
         76        100       1224
         76        102    1212.94
         76        104    1196.83
         76        106    1378.25
         76        108    1500.57
         76        110    1351.93
         76        112    1279.09
         76        114    1163.19
         76        116   1069.541
         78        102    1248.18
         78        104    1239.92
         78        106    1234.33
         78        108    1222.54
         78        114     1934.7
         78        116       1911
         78        118     1535.8
         78        120    1784.52
         78        122       1936
         80        108     1239.6
         80        110    2162.92
         80        118    2331.56
         80        122       1624
         80        124       3112
         82        114    2203.27
         82        120    1915.12
         82        122    1817.54
         82        124    2929.09
         82        126     5565.2
         82        128       3194
         84        120    1728.58
         84        122     1546.3
         84        126    3094.53
         88        140       1140
         88        142    1144.57
         90        138     1074.8
         90        140      775.5
         90        142      890.1
         92        140     970.71
         92        142    1023.77
         92        144     1058.8
         92        146    1130.75
         94        146    1076.22
         96        150    1379.22
         96        152       1222
         98        150       2368
        100        156     1150.8
