3	1	7.56E-023
1	4	8.00E-023
1	5	2.85E-022
3	2	3.04E-022
3	2	3.04E-022
5	2	3.26E-022
5	2	3.26E-022
9	6	4.56E-022
7	4	5.49E-022
2	3	7.60E-022
2	3	7.60E-022
8	4	1.14E-021
11	7	1.30E-021
2	8	1.52E-021
6	2	1.98E-021
6	2	1.98E-021
4	9	2.70E-021
2	5	3.04E-021
4	2	4.95E-021
4	2	4.95E-021
10	6	9.00E-021
9	7	1.14E-020
5	4	8.44E-019
5	4	8.44E-019
4	4	8.18E-017
1	6	9.15E-015
12	7	4.00E-012
5	11	1.90E-010
3	9	1.00E-008
17	12	2.00E-008
18	12	2.00E-008
35	34	2.40E-008
19	14	2.50E-008
19	15	2.50E-008
5	13	2.60E-008
6	15	3.00E-008
15	10	3.00E-008
17	13	3.00E-008
37	36	3.00E-008
37	36	3.00E-008
13	8	3.50E-008
20	14	3.50E-008
8	18	4.00E-008
9	19	4.00E-008
11	8	4.00E-008
33	30	4.30E-008
98	148	4.50E-008
60	98	5.00E-008
7	17	5.20E-008
91	128	5.30E-008
23	19	5.50E-008
10	24	6.00E-008
10	24	6.00E-008
11	26	6.00E-008
11	26	6.00E-008
14	29	6.00E-008
14	29	6.00E-008
72	81	6.00E-008
89	128	6.90E-008
89	128	6.90E-008
29	25	7.50E-008
16	10	7.90E-008
87	128	8.60E-008
8	20	1.00E-007
57	96	1.00E-007
58	95	1.00E-007
58	96	1.00E-007
60	97	1.00E-007
25	19	1.05E-007
25	19	1.05E-007
32	28	1.10E-007
32	28	1.10E-007
90	128	1.17E-007
85	128	1.25E-007
26	46	1.50E-007
26	46	1.50E-007
27	48	1.50E-007
30	52	1.50E-007
31	55	1.50E-007
31	55	1.50E-007
32	54	1.50E-007
32	54	1.50E-007
33	58	1.50E-007
34	60	1.50E-007
35	60	1.50E-007
35	60	1.50E-007
35	61	1.50E-007
35	61	1.50E-007
44	76	1.50E-007
52	87	1.50E-007
52	87	1.50E-007
52	89	1.50E-007
52	89	1.50E-007
57	95	1.50E-007
12	28	1.70E-007
12	28	1.70E-007
13	29	1.70E-007
13	29	1.70E-007
13	30	1.70E-007
13	30	1.70E-007
17	32	1.70E-007
40	38	1.70E-007
10	23	1.80E-007
11	25	1.80E-007
12	27	1.80E-007
34	30	1.80E-007
88	128	1.82E-007
88	128	1.82E-007
4	11	2.00E-007
4	12	2.00E-007
15	30	2.00E-007
15	31	2.00E-007
16	32	2.00E-007
16	33	2.00E-007
17	31	2.00E-007
17	34	2.00E-007
18	33	2.00E-007
27	24	2.00E-007
39	37	2.00E-007
39	37	2.00E-007
41	40	2.00E-007
60	66	2.00E-007
60	66	2.00E-007
64	72	2.00E-007
65	73	2.00E-007
65	73	2.00E-007
68	76	2.00E-007
70	80	2.00E-007
46	79	2.30E-007
46	79	2.30E-007
46	80	2.30E-007
46	80	2.30E-007
9	22	2.50E-007
9	22	2.50E-007
8	19	2.60E-007
12	25	2.60E-007
12	25	2.60E-007
12	26	2.60E-007
12	26	2.60E-007
13	27	2.60E-007
13	27	2.60E-007
13	28	2.60E-007
72	115	2.70E-007
86	128	2.70E-007
84	128	2.99E-007
21	18	3.00E-007
29	24	3.00E-007
29	24	3.00E-007
30	53	3.00E-007
30	53	3.00E-007
32	56	3.00E-007
32	57	3.00E-007
33	55	3.00E-007
33	56	3.00E-007
33	56	3.00E-007
33	57	3.00E-007
33	57	3.00E-007
34	56	3.00E-007
34	56	3.00E-007
34	61	3.00E-007
34	61	3.00E-007
34	61	3.00E-007
35	62	3.00E-007
41	72	3.00E-007
44	75	3.00E-007
45	77	3.00E-007
45	77	3.00E-007
52	88	3.00E-007
52	88	3.00E-007
53	91	3.00E-007
56	95	3.00E-007
56	95	3.00E-007
57	94	3.00E-007
57	94	3.00E-007
58	97	3.00E-007
59	96	3.00E-007
59	97	3.00E-007
69	109	3.00E-007
73	118	3.00E-007
74	117	3.00E-007
74	119	3.00E-007
74	120	3.00E-007
76	125	3.00E-007
76	126	3.00E-007
77	123	3.00E-007
77	124	3.00E-007
77	126	3.00E-007
78	127	3.00E-007
79	127	3.00E-007
79	128	3.00E-007
79	128	3.00E-007
79	129	3.00E-007
79	129	3.00E-007
79	130	3.00E-007
79	130	3.00E-007
79	131	3.00E-007
79	131	3.00E-007
80	130	3.00E-007
80	131	3.00E-007
80	131	3.00E-007
80	132	3.00E-007
80	132	3.00E-007
80	133	3.00E-007
80	133	3.00E-007
80	134	3.00E-007
80	134	3.00E-007
80	135	3.00E-007
80	135	3.00E-007
80	136	3.00E-007
80	136	3.00E-007
81	130	3.00E-007
81	131	3.00E-007
81	133	3.00E-007
81	133	3.00E-007
81	134	3.00E-007
81	134	3.00E-007
81	135	3.00E-007
81	135	3.00E-007
81	136	3.00E-007
81	136	3.00E-007
82	134	3.00E-007
82	135	3.00E-007
82	136	3.00E-007
82	137	3.00E-007
82	138	3.00E-007
83	136	3.00E-007
83	137	3.00E-007
83	138	3.00E-007
83	138	3.00E-007
83	139	3.00E-007
83	140	3.00E-007
83	140	3.00E-007
83	141	3.00E-007
83	141	3.00E-007
84	135	3.00E-007
84	136	3.00E-007
84	139	3.00E-007
84	140	3.00E-007
84	141	3.00E-007
84	142	3.00E-007
84	143	3.00E-007
85	140	3.00E-007
85	141	3.00E-007
85	142	3.00E-007
85	143	3.00E-007
85	144	3.00E-007
85	144	3.00E-007
86	144	3.00E-007
86	145	3.00E-007
87	146	3.00E-007
14	30	3.60E-007
14	30	3.60E-007
19	36	3.60E-007
19	36	3.60E-007
21	38	3.60E-007
21	38	3.60E-007
21	39	3.60E-007
21	39	3.60E-007
21	40	3.60E-007
21	40	3.60E-007
22	41	3.60E-007
22	41	3.60E-007
23	42	3.60E-007
23	42	3.60E-007
23	43	3.60E-007
23	43	3.60E-007
24	44	3.60E-007
24	44	3.60E-007
25	45	3.60E-007
25	45	3.60E-007
44	77	3.90E-007
44	77	3.90E-007
42	74	3.91E-007
42	74	3.91E-007
45	79	3.91E-007
45	79	3.91E-007
45	79	3.91E-007
38	68	3.92E-007
38	68	3.92E-007
38	68	3.92E-007
40	71	3.92E-007
40	71	3.92E-007
40	71	3.92E-007
41	73	3.92E-007
41	73	3.92E-007
41	73	3.92E-007
43	76	3.92E-007
43	76	3.92E-007
43	76	3.92E-007
44	78	3.92E-007
44	78	3.92E-007
39	70	3.93E-007
39	70	3.93E-007
39	70	3.93E-007
42	75	3.93E-007
42	75	3.93E-007
42	75	3.93E-007
45	80	3.93E-007
45	80	3.93E-007
40	72	3.94E-007
40	72	3.94E-007
40	72	3.94E-007
41	74	3.94E-007
41	74	3.94E-007
41	74	3.94E-007
43	77	3.94E-007
43	77	3.94E-007
43	77	3.94E-007
44	79	3.94E-007
44	79	3.94E-007
44	79	3.94E-007
46	82	3.94E-007
46	82	3.94E-007
38	69	3.95E-007
38	69	3.95E-007
38	69	3.95E-007
45	81	3.95E-007
45	81	3.95E-007
45	81	3.95E-007
44	80	3.96E-007
44	80	3.96E-007
45	78	4.03E-007
45	78	4.03E-007
56	96	4.06E-007
56	96	4.06E-007
51	89	4.07E-007
51	89	4.07E-007
51	89	4.07E-007
53	92	4.07E-007
53	92	4.07E-007
50	88	4.08E-007
50	88	4.08E-007
52	91	4.08E-007
52	91	4.08E-007
52	91	4.08E-007
54	94	4.08E-007
54	94	4.08E-007
85	129	5.58E-007
17	33	6.20E-007
17	33	6.20E-007
18	34	6.20E-007
18	35	6.20E-007
18	35	6.20E-007
18	35	6.20E-007
19	37	6.20E-007
19	37	6.20E-007
19	37	6.20E-007
20	37	6.20E-007
20	37	6.20E-007
20	37	6.20E-007
20	38	6.20E-007
20	38	6.20E-007
22	40	6.20E-007
22	40	6.20E-007
52	53	6.20E-007
29	52	6.32E-007
29	52	6.32E-007
29	52	6.32E-007
26	47	6.33E-007
26	47	6.33E-007
26	47	6.33E-007
30	54	6.33E-007
30	54	6.33E-007
30	54	6.33E-007
37	66	6.33E-007
37	66	6.33E-007
27	49	6.34E-007
27	49	6.34E-007
27	49	6.34E-007
31	56	6.34E-007
31	56	6.34E-007
31	56	6.34E-007
35	63	6.34E-007
35	63	6.34E-007
35	63	6.34E-007
28	51	6.35E-007
28	51	6.35E-007
28	51	6.35E-007
32	58	6.35E-007
32	58	6.35E-007
32	58	6.35E-007
36	65	6.35E-007
36	65	6.35E-007
36	65	6.35E-007
29	53	6.36E-007
29	53	6.36E-007
29	53	6.36E-007
25	46	6.37E-007
25	46	6.37E-007
25	46	6.37E-007
30	55	6.37E-007
30	55	6.37E-007
30	55	6.37E-007
26	48	6.38E-007
26	48	6.38E-007
26	48	6.38E-007
87	129	7.00E-007
92	129	7.00E-007
91	129	7.80E-007
91	129	7.80E-007
14	24	1.00E-006
14	24	1.00E-006
46	45	1.00E-006
77	88	1.00E-006
77	88	1.00E-006
92	130	1.00E-006
90	129	1.05E-006
89	129	1.08E-006
35	33	1.20E-006
37	35	1.20E-006
38	36	1.20E-006
44	43	1.50E-006
45	44	1.50E-006
45	44	1.50E-006
51	52	1.50E-006
73	116	1.60E-006
88	129	1.60E-006
69	75	1.90E-006
102	146	2.00E-006
86	129	2.30E-006
110	157	2.80E-006
69	76	3.17E-006
84	129	3.72E-006
100	142	4.00E-006
102	148	4.20E-006
102	148	4.20E-006
91	130	5.90E-006
90	130	9.70E-006
90	130	9.70E-006
89	130	1.18E-005
55	58	1.67E-005
55	58	1.67E-005
79	92	1.70E-005
79	92	1.70E-005
92	131	1.80E-005
92	131	1.80E-005
87	130	1.90E-005
104	150	2.30E-005
88	130	2.52E-005
92	127	4.20E-005
86	130	4.50E-005
104	149	4.80E-005
104	149	4.80E-005
104	149	4.80E-005
104	149	4.80E-005
83	102	5.80E-005
83	102	5.80E-005
80	91	5.90E-005
52	54	7.00E-005
53	56	9.35E-005
53	56	9.35E-005
77	87	9.40E-005
77	87	9.40E-005
77	87	9.40E-005
85	130	1.00E-004
110	160	1.00E-004
110	160	1.00E-004
91	127	1.13E-004
82	96	1.20E-004
90	126	1.34E-004
90	126	1.34E-004
74	84	1.43E-004
74	84	1.43E-004
84	130	1.64E-004
110	163	1.70E-004
110	159	1.79E-004
80	92	2.31E-004
113	165	2.40E-004
90	127	2.41E-004
84	104	2.75E-004
84	104	2.75E-004
78	124	2.80E-004
79	91	2.86E-004
79	91	2.86E-004
77	88	3.00E-004
77	88	3.00E-004
78	88	3.00E-004
85	131	3.00E-004
85	131	3.00E-004
85	131	3.00E-004
108	157	3.00E-004
69	78	3.60E-004
83	104	3.70E-004
100	158	3.70E-004
65	93	4.00E-004
75	86	4.40E-004
75	86	4.40E-004
79	120	4.40E-004
89	127	4.40E-004
89	127	4.41E-004
75	104	4.66E-004
25	39	5.00E-004
55	57	5.00E-004
112	170	5.00E-004
92	126	5.10E-004
72	84	5.20E-004
86	131	5.40E-004
92	126	5.60E-004
60	80	6.00E-004
80	93	6.00E-004
79	91	6.17E-004
79	91	6.17E-004
76	85	6.40E-004
84	121	6.45E-004
100	141	7.30E-004
100	141	7.30E-004
100	141	7.30E-004
108	155	7.40E-004
108	155	7.40E-004
81	109	7.50E-004
76	106	7.80E-004
86	108	7.80E-004
108	156	8.00E-004
108	156	8.00E-004
75	85	8.20E-004
75	85	8.20E-004
28	40	8.60E-004
67	88	8.80E-004
83	123	8.90E-004
55	70	9.00E-004
63	67	9.00E-004
78	89	9.00E-004
92	132	9.00E-004
95	149	9.00E-004
101	144	9.00E-004
101	144	9.00E-004
65	70	9.40E-004
95	145	9.40E-004
73	112	0.001
87	131	0.001
78	106	0.00101
23	23	0.00102
79	92	0.00102
79	92	0.00102
75	108	0.00104
83	121	0.00107
80	125	0.00109
86	107	0.00115
65	81	0.00118
91	126	0.0012
91	126	0.0012
102	156	0.0012
74	84	0.00125
81	100	0.0014
81	100	0.0014
84	103	0.0014
11	24	0.0015
11	24	0.0015
72	109	0.0015
81	98	0.0015
81	98	0.0015
81	98	0.0015
81	98	0.0015
88	127	0.00155
30	24	0.00159
88	113	0.0016
88	113	0.0016
110	161	0.00163
90	131	0.00168
73	84	0.0017
85	106	0.0017
90	118	0.0017
109	157	0.0017
84	131	0.00178
84	131	0.00178
26	19	0.00189
26	19	0.00189
26	19	0.00189
26	19	0.00189
26	19	0.00189
108	157	0.0019
108	157	0.0019
61	81	0.002
81	120	0.00201
78	90	0.00202
28	20	0.0021
28	20	0.0021
76	86	0.0021
80	94	0.0021
85	106	0.0021
88	125	0.0022
88	125	0.0022
108	158	0.0023
108	158	0.0023
67	81	0.00235
84	106	0.00246
9	20	0.0025
9	20	0.0025
90	119	0.0025
83	125	0.00258
71	84	0.00269
90	132	0.0028
73	82	0.0029
91	131	0.0029
106	152	0.0029
106	152	0.0029
5	14	0.00292
5	14	0.00292
5	14	0.00292
74	112	0.003
52	55	0.0031
52	55	0.0031
71	108	0.0031
74	116	0.0031
100	144	0.00312
100	144	0.00312
100	144	0.00312
87	127	0.00335
10	21	0.0034
10	21	0.0034
10	22	0.0035
10	22	0.0035
82	97	0.0035
84	105	0.0035
91	126	0.0036
106	154	0.0036
106	154	0.0036
77	112	0.0037
111	161	0.0038
12	24	0.0039
12	24	0.0039
100	160	0.004
67	74	0.0041
77	111	0.0042
77	111	0.0042
82	98	0.0042
111	167	0.0042
111	167	0.0042
73	84	0.0043
4	10	0.00435
4	10	0.00435
4	10	0.00435
86	110	0.0044
86	110	0.0044
106	154	0.00495
106	154	0.00495
9	18	0.005
9	18	0.005
83	106	0.005
83	106	0.005
86	109	0.005
87	127	0.005
102	160	0.005
109	161	0.005
5	12	0.00508
5	12	0.00508
5	12	0.00508
5	12	0.00508
5	12	0.00508
91	121	0.0051
91	132	0.0051
69	81	0.0052
81	95	0.0052
70	101	0.00525
91	122	0.0053
11	23	0.0055
11	23	0.0055
11	23	0.0055
76	87	0.0055
76	87	0.0055
82	123	0.00555
42	41	0.006
67	73	0.006
86	109	0.006
110	160	0.006
110	160	0.006
6	16	0.0061
6	16	0.0061
6	16	0.0061
116	175	0.0063
104	152	0.0064
104	152	0.0064
111	163	0.0064
106	156	0.0069
106	156	0.0069
36	64	0.007
36	64	0.007
78	91	0.007
10	20	0.0073
10	20	0.0073
10	20	0.0073
71	90	0.0073
74	85	0.0073
74	85	0.0073
28	21	0.0075
28	21	0.0075
13	25	0.0076
13	25	0.0076
13	26	0.0076
13	26	0.0076
79	93	0.0077
79	93	0.0077
79	93	0.0077
11	22	0.008
11	22	0.008
11	22	0.008
54	78	0.00839
8	5	0.00858
8	5	0.00858
58	80	0.00865
3	8	0.00875
3	8	0.00875
3	8	0.00875
3	8	0.00875
73	106	0.009
56	74	0.0094
58	74	0.0094
9	17	0.0097
9	17	0.0097
109	166	0.0097
83	103	0.0098
5	10	0.00993
5	10	0.00993
5	10	0.00993
19	35	0.01
19	35	0.01
57	60	0.01
57	60	0.01
59	62	0.01
88	131	0.01
73	84	0.0101
73	84	0.0101
77	89	0.0105
77	89	0.0105
62	91	0.0106
80	95	0.0106
13	24	0.0107
7	5	0.011
20	36	0.011
20	36	0.011
85	107	0.0115
107	154	0.0118
21	37	0.012
21	37	0.012
45	45	0.012
87	112	0.012
87	112	0.012
5	9	0.0125
14	28	0.0125
14	28	0.0125
26	20	0.013
26	20	0.013
30	43	0.013
36	63	0.013
36	63	0.013
54	55	0.013
83	101	0.013
83	101	0.013
83	121	0.013
11	21	0.0132
11	21	0.0132
11	21	0.0132
24	18	0.0133
24	18	0.0133
77	112	0.0133
78	92	0.0138
78	92	0.0138
6	14	0.014
6	14	0.014
79	94	0.014
79	94	0.014
79	94	0.014
91	124	0.014
95	147	0.014
95	147	0.014
95	147	0.014
117	176	0.014
117	176	0.014
18	13	0.0144
18	13	0.0144
18	13	0.0144
7	16	0.0145
7	16	0.0145
7	16	0.0145
75	86	0.0147
75	86	0.0147
104	154	0.0147
104	154	0.0147
10	19	0.0148
10	19	0.0148
10	19	0.0148
22	39	0.015
22	39	0.015
83	103	0.015
116	174	0.015
77	89	0.0151
77	89	0.0151
16	11	0.0155
16	11	0.0155
16	11	0.0155
88	114	0.016
90	120	0.016
90	120	0.016
92	125	0.016
115	175	0.016
115	175	0.016
11	20	0.017
11	20	0.017
11	20	0.017
11	20	0.017
91	123	0.017
5	8	0.0173
33	42	0.0176
63	68	0.0178
63	68	0.0178
25	44	0.018
33	31	0.018
81	96	0.018
81	96	0.018
88	132	0.018
116	176	0.018
15	29	0.0185
15	29	0.0185
28	22	0.0185
28	22	0.0185
28	22	0.0185
10	18	0.0189
10	18	0.0189
10	18	0.0189
23	41	0.019
87	114	0.019
23	40	0.0192
23	40	0.0192
86	127	0.0195
30	25	0.0198
30	25	0.0198
7	15	0.02
7	15	0.02
7	15	0.02
12	22	0.02
12	22	0.02
14	27	0.02
14	27	0.02
87	132	0.02
5	7	0.0202
5	7	0.0202
11	13	0.0202
11	13	0.0202
80	96	0.0203
32	39	0.0204
24	19	0.0206
24	19	0.0206
24	19	0.0206
24	19	0.0206
76	88	0.021
76	88	0.021
85	108	0.021
98	140	0.021
104	156	0.021
104	156	0.021
109	159	0.021
4	8	0.0215
4	8	0.0215
66	91	0.0216
26	21	0.0219
26	21	0.0219
26	21	0.0219
20	35	0.022
20	35	0.022
21	36	0.022
21	36	0.022
79	93	0.022
79	93	0.022
79	93	0.022
84	107	0.022
87	131	0.022
87	131	0.022
89	117	0.022
107	155	0.022
107	155	0.022
22	38	0.0224
24	42	0.023
72	84	0.023
57	60	0.0235
57	60	0.0235
28	23	0.0238
28	23	0.0238
88	115	0.024
27	47	0.025
27	47	0.025
38	35	0.025
38	35	0.025
39	69	0.025
39	69	0.025
79	94	0.025
79	94	0.025
79	94	0.025
86	111	0.025
89	119	0.025
89	119	0.025
20	15	0.0257
20	15	0.0257
20	15	0.0257
77	90	0.0257
77	90	0.0257
77	90	0.0257
21	35	0.026
21	35	0.026
47	47	0.026
47	47	0.026
90	126	0.026
90	126	0.026
89	131	0.0264
89	131	0.0264
29	26	0.027
29	26	0.027
85	108	0.027
85	108	0.027
89	118	0.027
22	37	0.0275
24	41	0.028
25	43	0.028
25	43	0.028
26	45	0.028
26	45	0.028
85	108	0.028
81	118	0.0284
14	8	0.029
14	8	0.029
79	113	0.029
19	34	0.03
19	34	0.03
19	34	0.03
30	26	0.03
30	26	0.03
62	81	0.03
77	110	0.0303
11	17	0.0305
11	17	0.0305
22	17	0.031
22	17	0.031
88	115	0.031
10	17	0.0315
10	17	0.0315
90	122	0.0317
90	122	0.0317
77	117	0.0319
36	33	0.032
37	64	0.032
37	64	0.032
49	49	0.032
64	91	0.032
115	172	0.032
81	117	0.0321
84	108	0.0322
84	108	0.0322
85	132	0.0323
85	132	0.0323
13	19	0.033
13	19	0.033
14	26	0.033
14	26	0.033
34	31	0.033
34	31	0.033
41	71	0.033
89	117	0.033
23	39	0.0335
23	39	0.0335
81	119	0.034
96	148	0.034
86	132	0.035
93	133	0.035
107	153	0.035
77	90	0.0352
77	90	0.0352
77	90	0.0352
53	55	0.036
53	55	0.036
53	55	0.036
82	99	0.036
25	21	0.0362
25	21	0.0362
15	28	0.0365
15	28	0.0365
73	85	0.0367
73	85	0.0367
37	65	0.037
37	65	0.037
40	70	0.037
83	104	0.037
106	158	0.037
106	158	0.037
13	22	0.0372
13	22	0.0372
30	27	0.038
30	27	0.038
46	78	0.038
27	23	0.0388
27	23	0.0388
27	23	0.0388
23	37	0.04
23	37	0.04
23	37	0.04
23	37	0.04
38	67	0.04
90	121	0.04
28	24	0.0408
28	24	0.0408
27	46	0.041
39	68	0.041
81	107	0.041
81	107	0.041
13	20	0.0417
13	20	0.0417
13	21	0.042
13	21	0.042
24	40	0.042
14	9	0.0423
14	9	0.0423
14	9	0.0423
24	20	0.0428
24	20	0.0428
38	66	0.043
15	11	0.0437
15	11	0.0437
32	29	0.044
32	29	0.044
11	18	0.0449
11	18	0.0449
71	79	0.045
71	79	0.045
82	99	0.045
26	22	0.0453
26	22	0.0453
78	93	0.0455
78	93	0.0455
36	62	0.046
36	62	0.046
47	82	0.046
47	82	0.046
14	25	0.0475
14	25	0.0475
11	19	0.048
11	19	0.048
11	19	0.048
11	19	0.048
15	27	0.0485
15	27	0.0485
6	13	0.049
6	13	0.049
87	113	0.049
16	30	0.05
41	41	0.05
41	41	0.05
47	83	0.05
47	83	0.05
55	94	0.05
55	94	0.05
55	95	0.05
55	95	0.05
55	96	0.05
55	96	0.05
25	42	0.051
25	42	0.051
37	63	0.051
37	63	0.051
37	63	0.051
41	70	0.051
42	73	0.051
42	73	0.051
36	34	0.052
36	34	0.052
89	132	0.052
108	159	0.052
108	159	0.052
22	18	0.0524
22	18	0.0524
23	38	0.0526
23	38	0.0526
39	39	0.053
39	39	0.053
86	111	0.053
116	177	0.053
81	102	0.0533
81	102	0.0533
81	102	0.0533
37	62	0.054
37	62	0.054
43	43	0.054
43	43	0.054
73	106	0.0541
73	85	0.055
73	85	0.055
82	100	0.055
82	100	0.055
28	25	0.0552
28	25	0.0552
40	39	0.056
40	39	0.056
43	73	0.056
22	36	0.057
22	36	0.057
39	38	0.057
39	38	0.057
39	38	0.057
48	85	0.057
48	85	0.057
48	85	0.057
88	116	0.057
84	121	0.0574
47	81	0.058
47	81	0.058
73	105	0.058
88	119	0.059
88	119	0.059
27	45	0.0599
27	45	0.0599
42	72	0.06
83	105	0.06
83	105	0.06
24	21	0.0609
24	21	0.0609
39	67	0.062
87	114	0.062
36	61	0.063
36	61	0.063
40	69	0.063
40	69	0.063
26	23	0.0647
26	23	0.0647
37	37	0.0649
8	16	0.065
8	16	0.065
25	41	0.065
86	112	0.065
86	112	0.065
16	29	0.068
16	29	0.068
23	37	0.068
38	65	0.068
48	83	0.068
48	83	0.068
71	84	0.068
71	84	0.068
70	105	0.0682
38	64	0.069
38	64	0.069
110	161	0.069
110	161	0.069
12	23	0.07
12	23	0.07
31	29	0.07
31	29	0.07
31	29	0.07
35	59	0.07
35	59	0.07
113	169	0.07
26	44	0.071
76	89	0.071
76	89	0.071
40	68	0.073
40	68	0.073
21	35	0.075
21	35	0.075
68	89	0.076
75	87	0.077
75	87	0.077
42	71	0.078
35	35	0.0791
23	20	0.0793
9	16	0.08
9	16	0.08
27	44	0.08
27	44	0.08
36	60	0.08
36	60	0.08
69	77	0.08
69	77	0.08
117	177	0.08
22	19	0.0804
22	19	0.0804
71	80	0.0806
71	80	0.0806
7	14	0.083
7	14	0.083
43	72	0.083
43	72	0.083
25	40	0.084
18	32	0.085
18	32	0.085
31	53	0.085
31	53	0.085
31	53	0.085
31	53	0.085
39	66	0.085
39	66	0.085
43	74	0.085
12	20	0.086
12	20	0.086
20	34	0.086
30	28	0.086
30	28	0.086
41	69	0.086
41	69	0.086
90	124	0.087
115	173	0.087
25	22	0.088
25	22	0.088
38	37	0.088
38	37	0.088
85	107	0.088
13	23	0.09
13	23	0.09
14	23	0.09
14	23	0.09
20	33	0.09
20	33	0.09
25	39	0.09
25	39	0.09
43	71	0.09
43	71	0.09
12	21	0.0905
12	21	0.0905
12	8	0.0908
12	8	0.0908
74	86	0.091
13	9	0.0911
13	9	0.0911
13	9	0.0911
13	9	0.0911
6	12	0.092
6	12	0.092
25	37	0.092
25	37	0.092
49	86	0.092
49	86	0.092
29	27	0.093
29	27	0.093
51	88	0.093
51	88	0.093
52	79	0.093
54	56	0.093
54	56	0.093
54	56	0.093
84	107	0.093
89	119	0.095
89	119	0.095
92	133	0.095
33	33	0.0958
21	34	0.096
21	34	0.096
37	61	0.096
8	15	0.097
8	15	0.097
23	36	0.097
23	36	0.097
48	84	0.097
48	84	0.097
78	94	0.0976
78	94	0.0976
22	35	0.098
22	35	0.098
15	26	0.1
15	26	0.1
16	28	0.1
16	28	0.1
31	54	0.1
31	54	0.1
36	35	0.1
36	35	0.1
43	71	0.1
43	71	0.1
54	93	0.1
54	93	0.1
89	120	0.1
89	120	0.1
113	170	0.1
17	30	0.101
17	30	0.101
18	14	0.101
18	14	0.101
112	172	0.101
20	16	0.102
20	16	0.102
35	58	0.102
35	58	0.102
37	61	0.102
37	61	0.102
37	61	0.102
52	65	0.103
28	26	0.104
41	68	0.106
41	68	0.106
102	158	0.106
47	79	0.107
47	79	0.107
75	87	0.107
75	87	0.107
27	43	0.108
85	119	0.108
10	7	0.109
10	7	0.109
10	7	0.109
47	80	0.109
26	43	0.11
28	50	0.11
28	50	0.11
72	85	0.11
72	85	0.11
102	150	0.11
23	21	0.111
23	21	0.111
36	59	0.114
36	59	0.114
57	79	0.114
27	25	0.115
31	31	0.116
31	31	0.116
19	33	0.118
19	33	0.118
38	63	0.118
38	63	0.118
80	97	0.118
2	6	0.119
2	6	0.119
85	127	0.119
85	127	0.119
42	70	0.12
106	157	0.12
106	157	0.12
12	9	0.122
12	9	0.122
12	9	0.122
44	74	0.123
44	74	0.123
15	25	0.125
15	25	0.125
16	12	0.125
16	12	0.125
63	77	0.125
63	77	0.125
79	111	0.125
83	108	0.125
83	108	0.125
83	108	0.125
6	3	0.127
6	3	0.127
6	3	0.127
28	49	0.128
28	49	0.128
33	32	0.128
24	39	0.129
24	39	0.129
32	30	0.129
32	30	0.129
13	11	0.13
13	11	0.13
13	11	0.13
30	31	0.13
53	90	0.13
7	13	0.136
7	13	0.136
34	33	0.136
34	33	0.136
45	75	0.136
45	75	0.136
40	67	0.138
40	67	0.138
71	84	0.138
71	84	0.138
79	95	0.139
30	31	0.14
32	55	0.14
32	55	0.14
49	85	0.14
49	85	0.14
14	10	0.141
14	10	0.141
39	58	0.142
39	58	0.142
44	73	0.142
73	83	0.144
73	83	0.144
90	123	0.144
84	132	0.145
54	92	0.146
54	92	0.146
55	93	0.146
55	93	0.146
85	110	0.147
17	14	0.15
17	14	0.15
23	21	0.15
32	31	0.15
66	80	0.15
91	125	0.15
91	125	0.15
108	167	0.15
45	76	0.151
45	76	0.151
26	24	0.155
26	24	0.155
79	96	0.156
79	96	0.156
25	23	0.158
25	23	0.158
25	23	0.158
77	91	0.159
77	91	0.159
77	91	0.159
43	70	0.16
43	70	0.16
47	82	0.16
47	82	0.16
79	113	0.16
114	172	0.16
114	172	0.16
48	82	0.162
48	82	0.162
49	84	0.165
49	84	0.165
47	78	0.166
47	78	0.166
31	30	0.167
31	30	0.167
37	60	0.169
37	60	0.169
18	31	0.17
18	31	0.17
29	51	0.17
88	117	0.17
88	117	0.17
89	126	0.17
89	126	0.17
111	168	0.17
45	74	0.171
45	74	0.171
47	77	0.172
47	77	0.172
18	15	0.173
18	15	0.173
46	77	0.174
46	76	0.175
46	76	0.175
3	6	0.178
3	6	0.178
19	16	0.178
19	16	0.178
26	42	0.18
49	84	0.18
49	84	0.18
49	84	0.18
61	78	0.18
61	78	0.18
94	143	0.18
110	169	0.18
110	169	0.18
20	17	0.181
20	17	0.181
21	19	0.182
21	19	0.182
21	19	0.182
30	29	0.182
30	29	0.182
16	13	0.187
16	13	0.187
29	50	0.188
29	50	0.188
54	91	0.188
54	91	0.188
42	47	0.19
50	87	0.19
50	87	0.19
23	35	0.191
23	35	0.191
40	66	0.191
40	66	0.191
6	11	0.193
6	11	0.193
27	27	0.193
29	28	0.196
10	16	0.197
10	16	0.197
39	65	0.197
39	65	0.197
71	85	0.198
22	20	0.199
27	41	0.199
76	90	0.199
76	90	0.199
22	34	0.2
22	34	0.2
27	39	0.2
47	75	0.2
47	75	0.2
69	77	0.2
69	77	0.2
38	62	0.202
38	62	0.202
37	59	0.203
37	59	0.203
44	72	0.204
28	27	0.205
24	38	0.206
24	38	0.206
49	83	0.207
49	83	0.207
49	60	0.209
88	117	0.21
88	117	0.21
89	122	0.21
36	58	0.212
36	58	0.212
75	88	0.214
75	88	0.214
23	33	0.216
23	33	0.216
14	11	0.22
14	11	0.22
41	67	0.22
41	67	0.22
42	69	0.22
42	69	0.22
115	174	0.22
115	174	0.22
53	89	0.222
53	89	0.222
77	91	0.222
77	91	0.222
77	91	0.222
27	42	0.229
39	64	0.23
39	64	0.23
55	92	0.23
55	92	0.23
81	98	0.23
81	98	0.23
81	98	0.23
106	155	0.23
106	155	0.23
100	143	0.231
100	143	0.231
100	143	0.231
12	19	0.232
12	19	0.232
17	29	0.232
17	29	0.232
28	48	0.238
28	48	0.238
27	26	0.24
88	118	0.24
24	37	0.243
24	37	0.243
84	109	0.245
27	26	0.247
27	26	0.247
50	86	0.25
50	86	0.25
101	146	0.25
101	146	0.25
85	109	0.253
81	97	0.254
81	97	0.254
15	12	0.26
15	12	0.26
24	22	0.26
83	105	0.265
83	105	0.265
45	73	0.266
45	73	0.266
80	98	0.267
80	98	0.267
38	61	0.269
38	61	0.269
15	13	0.27
15	13	0.27
15	13	0.27
34	57	0.27
34	57	0.27
42	68	0.27
42	68	0.27
48	81	0.27
103	149	0.27
103	149	0.27
25	38	0.275
25	38	0.275
74	83	0.275
15	24	0.28
15	24	0.28
16	27	0.28
16	27	0.28
25	35	0.28
48	80	0.28
49	82	0.28
49	82	0.28
102	152	0.28
106	153	0.28
77	92	0.281
77	92	0.281
77	92	0.281
25	25	0.283
73	109	0.283
46	75	0.285
46	75	0.285
43	69	0.29
43	69	0.29
49	81	0.29
49	81	0.29
54	80	0.29
73	105	0.29
87	115	0.29
17	15	0.298
17	15	0.298
17	15	0.298
39	63	0.298
39	63	0.298
27	37	0.3
41	66	0.3
41	66	0.3
46	67	0.3
47	76	0.3
47	76	0.3
56	94	0.3
56	94	0.3
87	115	0.3
11	16	0.301
11	16	0.301
65	77	0.303
30	51	0.304
30	51	0.304
26	25	0.305
83	120	0.305
31	52	0.308
31	52	0.308
56	80	0.308
85	109	0.31
86	113	0.31
86	113	0.31
85	127	0.314
85	127	0.314
85	127	0.314
21	24	0.318
44	71	0.318
23	34	0.32
23	34	0.32
49	82	0.32
49	82	0.32
49	82	0.32
106	153	0.32
106	153	0.32
55	91	0.321
55	91	0.321
85	110	0.328
12	18	0.335
29	49	0.335
29	49	0.335
7	12	0.336
7	12	0.336
69	97	0.34
19	17	0.342
19	17	0.342
19	17	0.342
35	57	0.343
35	57	0.343
28	47	0.344
28	47	0.344
56	93	0.344
56	93	0.344
21	29	0.35
21	29	0.35
43	68	0.35
43	68	0.35
49	82	0.35
49	82	0.35
49	82	0.35
51	87	0.35
51	87	0.35
89	121	0.35
89	121	0.35
92	134	0.35
101	144	0.35
101	144	0.35
77	92	0.353
77	92	0.353
77	92	0.353
39	63	0.36
39	63	0.36
55	67	0.36
73	83	0.36
73	83	0.36
19	32	0.365
19	32	0.365
48	79	0.37
84	109	0.37
37	58	0.378
37	58	0.378
25	24	0.382
78	95	0.382
78	95	0.382
54	90	0.388
54	90	0.388
85	111	0.388
85	111	0.388
85	112	0.388
85	112	0.388
9	15	0.39
9	15	0.39
57	68	0.39
75	88	0.39
75	88	0.39
84	110	0.392
84	110	0.392
26	41	0.4
47	47	0.4
47	47	0.4
47	47	0.4
47	47	0.4
47	73	0.4
47	73	0.4
67	75	0.4
67	75	0.4
83	117	0.4
108	160	0.4
70	84	0.409
70	84	0.409
74	87	0.409
74	87	0.409
34	55	0.41
34	55	0.41
17	28	0.413
17	28	0.413
82	101	0.415
79	115	0.42
23	23	0.423
27	40	0.425
38	59	0.429
38	59	0.429
30	31	0.43
53	88	0.43
53	88	0.43
56	58	0.43
56	58	0.43
56	58	0.43
56	58	0.43
20	18	0.44
26	40	0.44
45	72	0.44
51	53	0.44
51	53	0.44
51	53	0.44
107	157	0.44
109	165	0.44
109	165	0.44
13	10	0.446
13	10	0.446
11	9	0.448
11	9	0.448
14	22	0.45
14	22	0.45
39	62	0.45
39	62	0.45
56	59	0.45
56	59	0.45
85	117	0.46
85	117	0.46
29	48	0.468
29	48	0.468
19	31	0.472
19	31	0.472
18	30	0.475
48	77	0.48
82	121	0.48
113	171	0.48
24	36	0.49
66	83	0.49
66	83	0.49
82	102	0.49
82	102	0.49
51	86	0.492
51	86	0.492
71	85	0.494
71	85	0.494
32	41	0.499
24	23	0.5
27	43	0.5
43	42	0.5
46	74	0.5
47	48	0.5
59	63	0.5
63	71	0.5
63	71	0.5
111	171	0.5
111	171	0.5
22	21	0.509
44	69	0.51
93	134	0.51
105	154	0.51
114	173	0.51
54	89	0.511
54	89	0.511
48	78	0.515
84	127	0.516
44	70	0.52
114	174	0.52
21	33	0.526
47	75	0.529
47	75	0.529
45	47	0.53
50	85	0.53
50	85	0.53
82	101	0.535
30	50	0.54
30	50	0.54
49	81	0.54
49	81	0.54
49	81	0.54
49	81	0.54
81	116	0.54
35	56	0.541
35	56	0.541
23	22	0.547
39	59	0.548
39	59	0.548
47	75	0.55
47	75	0.55
47	75	0.55
62	67	0.55
62	67	0.55
87	116	0.55
17	27	0.56
17	27	0.56
32	53	0.56
32	53	0.56
33	54	0.56
33	54	0.56
57	72	0.56
73	86	0.56
73	86	0.56
45	71	0.57
55	59	0.57
55	59	0.57
55	59	0.57
55	59	0.57
103	150	0.57
103	150	0.57
68	83	0.58
68	83	0.58
69	78	0.58
69	78	0.58
105	152	0.58
105	152	0.58
55	90	0.587
55	90	0.587
86	113	0.59
86	113	0.59
21	20	0.596
65	77	0.597
65	77	0.597
31	51	0.599
31	51	0.599
47	47	0.6
47	47	0.6
51	55	0.6
66	73	0.6
66	73	0.6
79	115	0.6
83	113	0.6
83	113	0.6
90	133	0.6
10	15	0.602
49	80	0.61
49	80	0.61
56	92	0.612
56	92	0.612
7	11	0.62
7	11	0.62
7	11	0.62
29	47	0.637
29	47	0.637
15	23	0.64
15	23	0.64
13	18	0.644
53	57	0.65
53	57	0.65
53	57	0.65
53	57	0.65
60	65	0.65
60	65	0.65
38	60	0.653
38	60	0.653
40	65	0.66
40	65	0.66
42	67	0.66
42	67	0.66
25	36	0.67
49	80	0.67
71	99	0.67
25	37	0.671
25	37	0.671
83	106	0.674
83	106	0.674
28	46	0.68
28	46	0.68
45	71	0.68
48	77	0.68
21	21	0.681
46	46	0.7
55	61	0.7
55	61	0.7
55	61	0.7
67	77	0.7
67	77	0.7
69	79	0.7
70	79	0.7
70	79	0.7
71	81	0.7
71	81	0.7
87	119	0.7
87	119	0.7
17	21	0.715
49	79	0.72
49	79	0.72
109	167	0.72
39	61	0.735
39	61	0.735
89	124	0.738
44	71	0.74
44	71	0.74
44	71	0.74
44	71	0.74
44	71	0.74
44	71	0.74
6	10	0.747
6	10	0.747
5	3	0.77
5	3	0.77
14	21	0.78
14	21	0.78
47	74	0.78
47	74	0.78
51	83	0.78
44	69	0.8
59	64	0.8
87	117	0.8
87	117	0.8
98	139	0.8
98	139	0.8
102	149	0.8
102	149	0.8
102	149	0.8
108	159	0.8
2	4	0.801
82	125	0.806
40	50	0.809
26	39	0.81
54	57	0.81
54	57	0.81
76	91	0.81
76	91	0.81
90	134	0.81
77	93	0.811
77	93	0.811
77	93	0.811
39	54	0.82
73	86	0.83
73	86	0.83
3	5	0.84
3	5	0.84
28	45	0.84
49	79	0.84
49	79	0.84
72	83	0.84
18	16	0.845
51	68	0.85
75	89	0.85
75	89	0.85
91	133	0.85
20	19	0.86
43	66	0.86
43	66	0.86
50	50	0.86
50	50	0.86
53	87	0.86
53	87	0.86
57	93	0.86
57	93	0.86
75	89	0.86
75	89	0.86
40	64	0.87
40	64	0.87
77	93	0.87
77	93	0.87
78	96	0.889
78	96	0.889
56	91	0.894
56	91	0.894
66	75	0.9
66	75	0.9
69	80	0.9
69	80	0.9
71	82	0.9
71	82	0.9
101	145	0.9
101	145	0.9
101	145	0.9
101	145	0.9
101	145	0.9
107	158	0.9
43	67	0.92
43	67	0.92
46	73	0.92
79	112	0.92
51	85	0.923
51	85	0.923
19	19	0.924
19	19	0.924
41	65	0.93
41	65	0.93
89	123	0.93
89	123	0.93
39	61	0.94
41	63	0.94
41	63	0.94
33	53	0.945
33	53	0.945
32	52	0.954
32	52	0.954
114	175	0.97
45	70	0.99
55	89	0.994
55	89	0.994
30	49	0.995
30	49	0.995
45	45	1
46	47	1
46	47	1
55	89	1
61	67	1
61	67	1
61	67	1
65	79	1
68	77	1
68	77	1
75	90	1
75	90	1
79	98	1
79	98	1
106	157	1
106	157	1
58	93	1.02
102	149	1.02
16	26	1.03
48	48	1.03
86	114	1.03
86	114	1.03
49	78	1.04
85	113	1.04
85	113	1.04
24	35	1.05
30	47	1.05
30	47	1.05
50	84	1.05
50	84	1.05
57	92	1.05
57	92	1.05
79	97	1.05
79	97	1.05
80	99	1.05
80	99	1.05
80	99	1.05
38	58	1.07
11	15	1.0713
42	66	1.09
42	66	1.09
49	78	1.09
49	78	1.09
67	96	1.09
72	105	1.09
81	99	1.09
81	99	1.09
81	99	1.09
48	49	1.1
48	49	1.1
58	63	1.1
58	63	1.1
59	74	1.1
64	71	1.1
64	71	1.1
94	134	1.1
26	39	1.12
71	83	1.12
27	38	1.16
39	58	1.17
39	58	1.17
39	58	1.17
16	14	1.178
44	44	1.2
49	49	1.2
59	65	1.2
59	65	1.2
62	69	1.2
62	69	1.2
90	125	1.2
101	146	1.2
101	146	1.2
31	50	1.217
31	50	1.217
51	54	1.22
51	54	1.22
29	46	1.222
29	46	1.222
19	18	1.226
18	29	1.23
18	29	1.23
47	73	1.23
47	73	1.23
49	80	1.23
49	80	1.23
49	80	1.23
54	88	1.23
54	88	1.23
48	76	1.25
19	30	1.26
19	30	1.26
57	91	1.26
57	91	1.26
29	47	1.27
36	57	1.286
36	57	1.286
12	17	1.3
22	33	1.3
41	61	1.3
56	60	1.3
56	60	1.3
88	120	1.3
88	120	1.3
35	41	1.31
35	41	1.31
40	63	1.32
40	63	1.32
81	126	1.33
88	119	1.35
88	119	1.35
74	88	1.36
74	88	1.36
79	97	1.36
52	86	1.4
52	86	1.4
55	60	1.4
55	60	1.4
58	94	1.4
77	94	1.4
77	94	1.4
77	94	1.4
45	46	1.46
50	83	1.46
50	83	1.46
30	48	1.47
45	46	1.47
69	84	1.48
69	84	1.48
39	60	1.484
39	60	1.484
103	150	1.49
103	150	1.49
22	32	1.5
41	59	1.5
41	62	1.5
44	45	1.5
44	45	1.5
49	73	1.5
61	98	1.5
63	72	1.5
63	72	1.5
85	133	1.5
85	133	1.5
100	159	1.5
63	77	1.51
105	155	1.52
105	155	1.52
105	155	1.52
17	17	1.526
34	54	1.53
34	54	1.53
49	77	1.53
79	98	1.53
79	98	1.53
84	133	1.53
100	146	1.54
100	146	1.54
100	146	1.54
73	87	1.55
73	87	1.55
28	44	1.57
29	45	1.594
27	41	1.6
60	77	1.6
65	74	1.6
65	74	1.6
68	79	1.6
68	79	1.6
70	81	1.6
70	81	1.6
70	81	1.6
70	81	1.6
70	81	1.6
87	117	1.6
87	117	1.6
105	150	1.6
105	150	1.6
49	77	1.64
55	68	1.64
10	8	1.667
31	49	1.676
31	49	1.676
51	84	1.679
51	84	1.679
55	87	1.684
55	87	1.684
50	51	1.7
50	51	1.7
68	78	1.7
68	78	1.7
73	87	1.7
91	134	1.7
107	159	1.7
54	87	1.73
54	87	1.73
44	68	1.75
47	48	1.75
47	48	1.75
56	61	1.75
56	61	1.75
56	61	1.75
58	93	1.76
25	35	1.77
25	35	1.77
18	17	1.776
55	88	1.791
55	88	1.791
70	85	1.793
70	85	1.793
60	67	1.8
60	67	1.8
87	117	1.8
87	117	1.8
105	156	1.8
105	156	1.8
48	75	1.82
48	75	1.82
105	152	1.82
105	152	1.82
36	56	1.84
36	56	1.84
32	51	1.85
45	69	1.85
45	69	1.86
46	72	1.9
56	71	1.9
101	148	1.9
104	157	1.9
104	157	1.9
104	157	1.9
104	157	1.9
104	157	1.9
105	151	1.9
105	151	1.9
105	151	1.9
35	55	1.91
35	55	1.91
84	111	1.92
84	111	1.92
84	111	1.92
81	104	1.93
81	104	1.93
100	150	1.93
16	25	1.99
16	25	1.99
26	38	2
39	59	2
39	59	2
39	59	2
47	71	2
47	71	2
65	75	2
65	75	2
72	82	2
72	82	2
77	95	2
77	95	2
85	112	2
85	112	2
85	112	2
33	52	2.021
33	52	2.021
13	11	2.053
13	11	2.053
13	11	2.053
30	47	2.08
40	59	2.1
47	72	2.1
48	75	2.1
52	56	2.1
52	56	2.1
52	56	2.1
53	61	2.1
53	61	2.1
75	90	2.1
75	90	2.1
76	92	2.1
76	92	2.1
44	67	2.12
49	67	2.18
35	35	2.2
43	44	2.2
64	73	2.2
64	73	2.2
67	81	2.2
69	81	2.2
73	119	2.2
56	90	2.22
14	12	2.229
9	14	2.23
8	14	2.25
8	14	2.25
75	91	2.25
75	91	2.25
68	99	2.269
53	86	2.28
53	86	2.28
69	105	2.29
69	105	2.29
28	43	2.3
40	61	2.3
42	42	2.3
42	42	2.3
59	95	2.3
63	102	2.3
66	76	2.3
66	76	2.3
79	108	2.3
104	151	2.3
104	151	2.3
104	151	2.3
104	158	2.3
104	158	2.3
15	22	2.31
63	79	2.34
49	76	2.36
21	32	2.4
21	32	2.4
61	68	2.4
62	100	2.4
67	78	2.4
77	96	2.4
77	96	2.4
6	9	2.449
88	126	2.46
88	126	2.46
102	150	2.47
102	150	2.47
102	150	2.47
52	85	2.49
52	85	2.49
53	58	2.5
53	58	2.5
68	79	2.5
68	79	2.5
69	84	2.5
69	84	2.5
104	155	2.5
17	16	2.511
78	97	2.53
78	97	2.53
103	152	2.53
103	152	2.53
28	43	2.56
16	15	2.572
80	100	2.58
80	100	2.58
61	69	2.6
61	69	2.6
79	99	2.6
79	99	2.6
74	89	2.67
74	89	2.67
54	58	2.7
54	58	2.7
63	78	2.7
63	78	2.7
114	175	2.7
37	57	2.702
37	57	2.702
54	59	2.74
54	59	2.74
54	59	2.74
54	59	2.74
14	20	2.77
84	123	2.79
45	68	2.8
57	63	2.8
57	63	2.8
59	69	2.84
31	48	2.847
31	48	2.847
72	86	2.85
72	86	2.85
41	57	2.86
62	71	2.89
62	71	2.89
40	62	2.9
81	105	2.9
53	63	2.91
102	154	2.91
102	154	2.91
41	64	2.95
41	64	2.95
41	59	2.99
25	33	3
49	50	3
66	77	3
66	77	3
67	93	3
75	121	3
70	82	3.03
70	82	3.03
49	71	3.08
73	88	3.08
73	88	3.08
47	54	3.1
81	101	3.1
81	101	3.1
49	75	3.12
17	26	3.13
59	67	3.14
59	67	3.14
42	43	3.2
42	43	3.2
45	65	3.2
77	94	3.2
77	94	3.2
77	94	3.2
81	100	3.2
81	100	3.2
83	110	3.2
83	110	3.2
104	155	3.2
104	155	3.2
29	29	3.204
41	44	3.3
41	44	3.3
59	66	3.3
59	66	3.3
63	73	3.3
63	73	3.3
69	85	3.3
69	85	3.3
69	85	3.3
75	92	3.4
8	13	3.42
53	59	3.42
53	59	3.42
76	93	3.43
76	93	3.43
45	67	3.45
28	41	3.5
42	65	3.5
62	71	3.5
62	71	3.5
62	71	3.5
65	76	3.5
59	93	3.57
73	89	3.57
73	89	3.57
67	79	3.6
80	101	3.6
80	101	3.6
80	101	3.6
80	101	3.6
81	114	3.6
108	161	3.6
111	169	3.6
13	17	3.62
49	78	3.67
49	78	3.67
48	49	3.7
48	49	3.7
49	75	3.7
88	122	3.7
88	122	3.7
39	58	3.75
39	58	3.75
47	71	3.76
41	42	3.8
50	52	3.8
58	65	3.8
58	65	3.8
63	73	3.8
63	73	3.8
85	113	3.8
85	113	3.8
86	115	3.8
86	115	3.8
55	61	3.85
55	61	3.85
55	61	3.85
12	10	3.876
79	114	3.9
79	114	3.9
86	133	3.96
87	118	3.97
87	118	3.97
51	56	4
58	92	4
62	70	4
62	70	4
68	81	4
68	81	4
72	106	4
103	154	4
112	171	4
112	171	4
112	171	4
112	171	4
57	90	4.06
57	90	4.06
103	155	4.1
103	155	4.1
104	153	4.1
104	153	4.1
104	153	4.1
15	14	4.142
14	13	4.15
9	12	4.158
69	82	4.17
7	10	4.173
7	10	4.173
29	44	4.2
33	51	4.2
33	51	4.2
59	68	4.2
63	101	4.2
70	83	4.2
70	83	4.2
100	145	4.2
105	153	4.2
105	153	4.2
105	153	4.2
9	13	4.23
9	13	4.23
65	79	4.25
65	79	4.25
59	94	4.28
41	61	4.3
46	71	4.3
82	103	4.3
82	103	4.3
56	89	4.31
35	54	4.4
35	54	4.4
47	49	4.4
47	49	4.4
75	93	4.4
75	93	4.4
77	95	4.4
77	95	4.4
37	55	4.492
37	55	4.492
32	50	4.56
25	34	4.59
20	32	4.6
20	32	4.6
39	45	4.6
40	40	4.6
40	40	4.6
47	67	4.6
52	57	4.6
52	57	4.6
52	57	4.6
52	57	4.6
68	80	4.6
88	121	4.6
88	121	4.6
84	111	4.64
84	111	4.64
45	47	4.66
64	74	4.7
104	153	4.7
104	153	4.7
104	153	4.7
71	86	4.79
71	86	4.79
39	41	4.8
39	41	4.8
61	97	4.8
62	99	4.8
64	75	4.8
64	75	4.8
64	102	4.8
82	104	4.82
82	104	4.82
77	114	4.899
41	63	4.9
41	63	4.9
60	69	4.9
60	69	4.9
77	97	4.9
77	97	4.9
38	45	4.95
46	49	5
49	69	5
60	68	5
60	68	5
61	73	5
75	119	5
75	119	5
75	119	5
76	123	5
89	133	5
89	133	5
60	96	5.06
31	47	5.09
35	44	5.1
74	91	5.1
74	91	5.1
100	147	5.1
43	65	5.17
69	83	5.2
74	109	5.2
48	74	5.24
43	59	5.28
57	64	5.3
58	91	5.3
73	117	5.3
39	57	5.34
47	70	5.34
47	70	5.34
56	63	5.4
56	63	5.4
34	53	5.5
34	53	5.5
40	41	5.5
40	41	5.5
56	62	5.5
56	62	5.5
77	114	5.5
87	145	5.5
113	172	5.5
113	172	5.5
15	21	5.6
66	77	5.6
66	77	5.6
72	87	5.6
72	87	5.6
30	46	5.7
47	56	5.7
59	72	5.73
59	72	5.73
30	43	5.8
30	43	5.8
39	39	5.8
39	39	5.8
43	45	5.8
64	75	5.8
64	75	5.8
67	80	5.8
84	112	5.8
84	112	5.8
37	56	5.84
37	56	5.84
49	51	5.9
49	51	5.9
75	92	5.9
75	92	5.9
76	116	5.9
76	116	5.9
28	42	6
47	72	6
58	66	6
66	79	6
66	79	6
75	120	6
76	124	6
77	122	6
79	126	6
79	126	6
26	37	6.1
14	19	6.11
49	74	6.17
59	91	6.19
53	61	6.2
53	61	6.2
61	71	6.2
61	71	6.2
83	107	6.2
83	107	6.2
103	156	6.2
103	156	6.2
82	121	6.21
53	85	6.23
53	85	6.23
57	89	6.27
55	69	6.3
61	70	6.3
74	90	6.3
74	90	6.3
82	103	6.3
82	103	6.3
83	107	6.3
83	107	6.3
78	98	6.33
78	98	6.33
13	13	6.346
43	45	6.4
70	107	6.41
50	78	6.5
55	62	6.5
23	32	6.54
29	41	6.6
29	41	6.6
53	60	6.6
53	60	6.6
69	82	6.6
29	43	6.63
45	67	6.73
67	94	6.76
17	25	6.8
19	29	6.8
19	29	6.8
71	86	6.8
47	49	6.9
47	49	6.9
81	102	6.9
81	102	6.9
24	34	7
50	53	7
50	53	7
86	115	7
86	115	7
85	114	7.03
85	114	7.03
40	60	7.1
41	60	7.1
79	100	7.1
79	100	7.1
7	9	7.13
7	9	7.13
13	12	7.183
85	115	7.3
85	115	7.3
85	115	7.3
76	94	7.37
76	94	7.37
51	57	7.4
32	49	7.6
32	49	7.6
44	47	7.6
44	47	7.6
44	47	7.6
63	100	7.7
83	115	7.7
79	118	7.73
38	38	7.89
38	38	7.89
44	47	7.9
65	76	7.9
77	97	7.9
77	97	7.9
65	81	8
69	83	8
77	121	8
99	142	8
99	142	8
109	169	8
109	169	8
69	85	8.1
69	85	8.1
75	94	8.1
75	94	8.1
79	101	8.1
79	101	8.1
79	117	8.1
21	31	8.2
65	103	8.2
89	125	8.2
89	125	8.2
39	43	8.3
48	73	8.3
67	92	8.3
76	95	8.3
76	95	8.3
18	28	8.4
55	62	8.4
49	69	8.5
49	69	8.5
36	55	8.57
57	65	8.6
57	65	8.6
43	47	8.7
77	99	8.7
77	99	8.7
42	64	8.73
16	24	8.8
61	72	8.8
61	72	8.8
60	95	8.9
68	81	8.9
68	81	8.9
68	81	8.9
38	39	9
38	39	9
53	80	9
77	96	9
77	96	9
77	98	9
77	98	9
66	78	9.1
66	78	9.1
48	50	9.2
48	50	9.2
61	79	9.2
75	95	9.2
47	69	9.3
47	69	9.3
80	103	9.4
80	103	9.4
80	103	9.4
31	43	9.5
31	43	9.5
62	72	9.5
67	89	9.5
67	81	9.59
67	81	9.59
39	57	9.6
46	48	9.6
62	98	9.6
110	171	9.6
58	67	9.7
58	67	9.7
86	116	9.7
86	116	9.7
108	161	9.7
41	43	9.8
41	43	9.8
20	31	10
20	31	10
54	60	10
57	89	10
61	77	10
78	125	10
107	165	10
51	83	10.07
51	83	10.07
81	103	10.1
81	103	10.1
30	45	10.2
63	81	10.2
49	73	10.3
62	73	10.3
62	73	10.3
64	101	10.3
68	84	10.3
68	84	10.3
78	126	10.3
47	52	10.5
61	96	10.56
35	37	10.6
35	37	10.6
63	99	10.6
71	87	10.6
71	87	10.6
73	90	10.6
73	90	10.6
78	99	10.6
78	99	10.6
62	77	10.7
62	77	10.7
65	93	10.7
65	93	10.7
65	93	10.7
44	49	10.8
44	49	10.8
44	49	10.8
49	73	10.8
80	102	10.83
80	102	10.83
40	45	10.9
40	45	10.9
45	66	11
51	75	11
63	74	11
77	125	11
9	11	11.07
28	41	11.2
12	11	11.317
62	97	11.37
70	106	11.4
16	23	11.5
56	88	11.5
44	66	11.6
44	46	11.7
46	70	11.8
41	44	12
41	44	12
65	78	12
77	101	12
86	143	12
63	75	12.1
71	88	12.1
71	88	12.1
45	48	12.2
49	76	12.2
21	30	12.4
83	108	12.4
83	108	12.4
15	19	12.43
43	46	12.8
43	46	12.9
43	46	12.9
88	123	13
88	123	13
88	124	13
88	124	13
101	147	13
101	147	13
36	45	13.1
36	45	13.1
31	46	13.2
46	49	13.3
46	49	13.3
46	49	13.3
33	50	13.4
48	73	13.5
61	72	13.5
8	12	13.51
33	49	13.6
54	86	13.6
72	88	13.6
72	88	13.6
78	121	13.6
79	102	13.7
79	102	13.7
4	7	13.81
4	7	13.81
20	30	13.9
40	47	14
55	63	14
55	63	14
55	63	14
64	77	14
64	77	14
42	45	14.02
42	45	14.02
49	67	14.1
49	67	14.1
66	79	14.1
66	79	14.1
73	91	14.2
34	52	14.3
56	87	14.5
39	40	14.8
39	40	14.8
87	120	14.8
87	120	14.8
41	58	15
75	97	15
49	52	15.1
49	52	15.1
75	94	15.1
75	94	15.1
75	94	15.1
33	47	15.2
75	96	15.2
82	105	15.2
82	105	15.2
43	57	15.46
43	57	15.46
79	103	15.5
79	103	15.5
81	106	15.6
81	106	15.6
81	106	15.6
39	50	15.663
49	55	15.7
49	55	15.7
64	76	15.8
48	51	16
48	51	16
48	51	16
75	117	16
87	119	16
87	119	16
87	119	16
87	119	16
106	159	16.2
106	159	16.2
106	159	16.2
35	53	16.29
35	53	16.29
45	63	16.8
51	58	17
55	63	17
55	63	17
55	63	17
57	66	17
95	135	17
107	160	17
36	36	17.1
36	36	17.1
10	9	17.22
34	43	17.4
19	28	17.5
55	81	17.5
55	81	17.5
87	144	17.6
52	84	17.63
52	84	17.63
99	143	17.8
99	143	17.8
63	76	17.9
47	68	18
47	68	18
54	61	18
54	61	18
54	61	18
72	89	18.2
72	89	18.2
82	105	18.3
82	105	18.3
103	151	18.4
103	151	18.4
68	82	18.5
52	58	18.6
52	58	18.6
72	107	18.67
21	25	18.75
41	49	18.81
59	92	18.9
32	47	18.98
37	38	19
52	83	19
71	113	19
33	49	19.1
42	44	19.1
87	143	19.1
74	92	19.2
74	92	19.2
76	96	19.2
76	96	19.2
52	59	19.3
52	59	19.3
6	4	19.308
29	42	19.4
65	102	19.4
81	104	19.5
73	115	19.6
74	93	19.9
74	93	19.9
47	69	20
47	69	20
58	77	20
69	89	20
105	153	20
110	171	20
110	171	20
113	173	20
113	173	20
41	44	20.5
79	105	20.6
79	105	20.6
78	100	20.7
78	100	20.7
50	54	20.8
86	141	20.8
28	39	21
57	67	21
60	70	21
65	78	21
106	160	21
106	160	21
24	33	21.1
67	82	21.1
55	67	21.18
43	64	21.2
78	101	21.2
78	101	21.2
46	61	21.3
35	36	21.4
18	27	21.48
69	86	21.6
69	86	21.6
80	105	21.6
80	105	21.6
80	105	21.6
101	148	21.7
101	148	21.7
61	73	22
73	114	22
73	114	22
108	162	22
76	97	22.4
76	97	22.4
11	10	22.49
51	59	23
65	81	23
96	137	23
96	137	23
99	144	23
99	144	23
99	144	23
49	72	23.1
49	53	23.3
49	53	23.3
30	43	23.5
68	83	23.5
38	57	23.9
56	64	24
67	83	24.1
67	83	24.1
69	93	24.3
69	93	24.3
53	84	24.5
53	84	24.5
64	77	24.5
64	77	24.5
47	63	24.6
47	63	24.6
57	88	24.8
55	86	24.84
55	86	24.84
46	69	25
65	86	25
65	86	25
67	105	25
101	149	25
101	149	25
102	155	25
102	155	25
65	101	25.1
82	106	25.1
82	106	25.1
84	127	25.2
84	127	25.2
60	71	25.4
60	71	25.4
47	50	25.5
45	49	25.8
60	94	25.9
63	98	26
111	170	26
111	170	26
70	86	26.1
70	86	26.1
61	95	26.7
8	11	26.88
86	117	26.9
86	117	26.9
103	153	27
103	153	27
103	153	27
105	158	27
105	158	27
105	158	27
36	37	27.3
36	37	27.3
27	36	27.4
34	35	27.4
34	35	27.4
87	133	27.4
87	133	27.4
81	105	27.5
81	105	27.5
88	133	28
88	133	28
79	123	28.4
45	65	28.5
58	69	28.6
28	40	29
66	80	29
57	67	29.21
32	48	29.5
72	99	29.5
72	99	29.5
56	65	29.7
59	70	30
77	100	30
77	100	30
88	145	30
88	146	30
112	173	30
45	61	30.07
39	41	30.1
39	41	30.1
55	64	30.4
79	116	30.5
40	58	30.7
80	104	30.87
80	104	30.87
29	39	30.9
32	33	30.9
32	33	30.9
55	69	30.9
65	80	30.9
73	92	31
100	147	31
100	147	31
103	152	31.1
103	152	31.1
60	93	31.6
40	42	32
84	113	32
84	113	32
84	113	32
36	54	32.32
31	32	32.4
79	126	32.5
31	45	32.6
22	31	32.7
50	55	32.7
50	55	32.7
34	51	32.9
29	41	33
29	41	33
83	135	33
33	48	33.3
37	43	33.4
49	54	34
49	54	34
58	69	34
73	93	34.4
44	65	34.5
83	109	34.6
83	109	34.6
87	126	34.82
87	126	34.82
80	129	35
105	157	35
105	157	35
67	84	35.2
67	84	35.2
34	34	35.5
42	63	35.6
43	63	35.6
100	148	36
100	148	36
100	148	36
71	89	36.1
71	89	36.1
37	39	36.5
37	39	36.5
83	132	36.9
83	132	36.9
99	145	37
99	145	37
68	85	37.1
68	85	37.1
10	13	37.24
63	97	38
87	141	38
88	134	38
88	134	38
17	24	38.4
70	87	38.6
70	87	38.6
32	47	39
32	47	39
64	79	39
66	103	39
82	107	39
82	107	39
98	141	39
98	141	39
72	90	39.4
72	90	39.4
47	62	39.6
83	109	39.6
83	109	39.6
54	85	39.68
50	82	39.7
79	125	39.8
59	71	40
59	71	40
59	71	40
71	89	40
71	89	40
72	91	40
72	91	40
61	81	40.5
63	78	40.7
57	87	40.8
61	94	41.5
40	43	41.6
40	43	41.6
45	59	42.3
45	59	42.3
33	34	42.5
79	104	42.8
79	104	42.8
45	60	42.9
55	64	43
67	103	43
78	105	43
78	105	43
78	105	43
85	115	43
85	115	43
76	98	44
76	98	44
86	117	44
86	117	44
89	145	44
47	60	44.3
29	41	44.5
61	74	45
62	75	45
64	100	45
69	86	45
69	86	45
84	119	45
84	119	45
84	128	45.1
84	128	45.1
26	26	45.9
26	26	45.9
70	99	46
49	71	46.2
53	83	46.9
61	75	47
62	74	47
85	115	47
85	115	47
67	84	47.2
67	84	47.2
15	20	47.3
49	71	47.3
49	74	47.4
47	51	47.5
47	51	47.5
79	105	47.6
79	105	47.6
79	105	47.6
32	43	47.7
32	43	47.7
49	56	48
72	112	48
61	74	49
87	139	49
48	52	49.1
80	105	49.1
80	105	49.1
43	47	49.2
23	31	49.8
36	43	50
46	69	50
46	69	50
57	69	50
57	69	50
67	85	50
67	85	50
82	107	50
82	107	50
85	138	50
87	142	50.2
49	58	50.4
87	122	50.5
87	122	50.5
48	72	50.8
74	94	50.9
74	94	50.9
58	68	51
81	106	51
81	106	51
96	138	51
96	138	51
96	138	51
102	152	51
102	152	51
102	152	51
51	61	51.4
77	119	52
78	103	52
78	103	52
32	45	52.9
32	45	52.9
67	104	53
57	69	54
85	137	54
107	167	54
107	167	54
43	60	54.2
58	81	54.8
75	97	55
35	51	55.1
66	81	55.2
66	81	55.2
86	134	55.6
35	52	55.65
35	52	55.65
50	81	56
58	90	56
67	82	56
78	102	56
78	102	56
85	134	56
85	134	56
58	89	56.4
54	71	57
55	65	57
71	112	58
37	54	58.4
50	81	58.4
50	81	58.4
41	56	58.7
54	62	59
11	14	59.1
87	121	59.1
87	121	59.1
44	49	59.7
42	62	60
71	96	60
71	96	60
79	124	60
89	146	60
97	140	60
97	140	60
107	163	60
82	119	60.8
54	63	61
54	63	61
37	49	61.02
37	49	61.02
55	65	61.3
55	65	61.3
55	65	61.3
93	135	61.4
93	135	61.4
21	21	61.7
60	81	62
60	81	62
89	133	63
89	133	63
89	133	63
83	110	63.6
83	110	63.6
32	32	63.7
55	85	63.7
98	142	64
98	142	64
9	8	64.49
42	49	64.6
42	49	64.6
47	64	64.8
47	64	64.8
57	68	64.8
49	54	65
86	142	65
25	33	65.4
25	33	65.4
45	49	66
45	49	66
62	81	66
62	81	66
92	135	66
99	146	66
99	146	66
66	81	67
66	81	67
94	135	67
94	135	67
94	135	67
42	61	67.5
26	36	68
64	99	68
47	66	68.7
47	66	68.7
54	73	69.2
91	143	69.54
91	143	69.54
60	73	70
60	73	70
60	73	70
34	49	70.1
64	78	70.2
39	42	70.4
8	6	70.62
81	107	71
81	107	71
82	108	71
82	108	71
49	65	71.9
49	65	71.9
67	83	72
68	107	72
47	70	72.8
63	79	73.38
74	95	74
69	91	74.5
69	91	74.5
86	118	74.5
86	118	74.5
51	60	75
38	56	75.3
66	99	75.42
66	99	75.42
37	45	75.45
72	93	76
85	139	76
71	90	77
53	62	78
81	129	78
81	129	78
35	37	78.6
71	100	79
77	102	79
95	137	79
95	137	79
82	109	79.8
82	109	79.8
45	64	80
73	94	80
49	60	80.4
17	23	81
29	30	81.5
48	53	81.6
71	91	82.2
80	106	82.8
80	106	82.8
53	83	83.4
69	87	83.8
69	87	83.8
57	71	84
68	105	84
76	99	84
81	108	84
81	108	84
84	113	84
84	113	84
71	95	84.6
71	95	84.6
64	81	85
64	81	85
85	116	85.2
85	116	85.2
25	32	85.4
59	79	87
77	115	87
77	115	87
83	112	87
83	112	87
41	45	88
27	27	88.8
30	31	89.1
70	88	89.4
70	88	89.4
27	35	90
69	108	90
71	91	90
77	103	90
45	51	90.6
45	51	90.6
59	72	90.6
73	113	92.4
23	30	92.58
46	67	93
51	73	93
51	73	93
60	72	94
83	111	95
83	111	95
30	44	95.6
59	73	96
102	151	97.2
102	151	97.2
55	71	98.4
83	134	98.5
70	89	100.2
74	111	100.2
81	132	101
22	30	102
50	80	102
52	61	102
94	136	102
21	29	102.5
61	93	103.8
88	143	104.1
19	27	105
25	25	105
84	114	106.2
84	114	106.2
61	75	107
49	55	108
91	135	108
91	135	108
65	82	109.8
64	79	110
72	92	111
93	150	111
84	137	112
69	107	114
71	91	114
80	107	114
80	107	114
50	56	115
83	111	115
83	111	115
56	66	117
45	50	117.6
45	50	117.6
75	98	118.8
89	143	119
52	60	120
69	95	120
71	111	120
73	95	120
90	139	120
47	53	120.6
59	89	120.6
67	86	120.6
67	86	120.6
46	50	122
55	66	122
55	66	122
89	141	122
89	141	122
72	95	122.1
8	7	122.24
47	52	124
83	111	125
31	44	126
89	134	126
89	134	126
42	47	126.6
65	100	126.6
81	112	126.6
81	112	126.6
71	95	127.2
71	95	127.2
83	128	128.4
83	128	128.4
81	128	129.66
82	109	130.8
82	109	130.8
48	71	132
65	83	132
67	101	132
67	101	132
93	149	132
53	64	133.2
50	79	133.8
47	53	134.4
47	53	134.4
13	15	134.484
38	41	135
83	133	135
59	90	135.6
91	147	136.2
59	89	137.4
93	151	137.4
73	114	138
81	108	138
85	136	138
101	151	138
95	139	139.2
95	139	139.2
97	137	140
97	137	140
51	82	140.4
30	30	142.8
74	97	142.8
47	61	142.92
47	61	142.92
49	70	144
61	76	144
70	110	144
75	99	144
80	107	144
80	107	144
97	141	144
97	141	144
106	165	144
106	165	144
89	144	145
46	68	145.2
74	96	145.2
75	105	146.4
30	41	147
82	133	147
87	140	148.2
15	15	149.88
41	58	150
41	58	150
78	123	150
33	35	151.6
26	27	152.4
56	81	153.12
62	77	154.2
55	66	155
63	80	155.4
41	46	156
72	114	156
81	109	156
100	149	156
100	149	156
31	33	157.62
37	53	158
71	95	159
38	40	160
71	98	160
78	104	160.2
78	104	160.2
61	93	160.8
48	71	161.4
67	85	161.8
67	85	161.8
56	67	162
76	105	162
76	105	162
88	125	163.8
88	125	163.8
67	103	165.6
51	81	167.4
76	121	168
86	119	170
86	119	170
29	40	171
39	44	171
39	44	171
35	50	174
50	57	174
80	127	174
95	141	174
95	141	174
55	83	174.6
55	83	174.6
67	101	179.4
65	99	180
76	101	180
103	157	180
103	157	180
103	157	180
58	87	180.6
85	117	182
85	117	182
83	112	183
83	112	183
81	127	183.18
85	117	184
85	117	184
84	134	185.88
84	134	185.88
46	51	186
62	76	186
67	87	186
67	87	186
75	115	186
87	124	186
87	124	186
43	48	188.4
71	93	188.4
36	53	189
87	123	190.8
87	123	190.8
68	106	192
95	138	192
95	138	192
61	77	194.4
72	97	194.4
80	108	195
80	108	195
34	50	195.6
43	48	198
43	48	198
56	69	198
66	82	198
87	137	199.8
10	14	202.8
59	81	203.4
35	38	204
55	75	207.6
55	75	207.6
51	63	209.4
24	31	209.82
58	71	210
71	110	210
72	113	210
82	110	210
82	110	210
53	81	211.2
53	81	211.2
102	153	211.2
102	153	211.2
45	53	216
45	53	216
51	67	216
76	100	216
95	141	216
95	141	216
53	69	217.8
69	88	217.8
44	48	219
55	73	219.6
64	97	219.6
55	67	222
57	70	222
57	70	222
71	101	222
81	109	222
98	144	222
98	144	222
98	144	222
85	135	222.6
85	135	222.6
50	80	223.2
68	86	223.8
68	86	223.8
81	125	224.4
23	29	224.58
29	39	225
29	39	225
41	46	225
44	63	225
37	40	226.2
98	143	226.8
98	143	226.8
54	64	228
54	83	229.08
49	72	232.8
49	72	232.8
34	45	235.2
34	45	235.2
58	70	235.8
47	69	237
87	138	237
71	92	238.2
69	89	238.8
83	113	240
83	113	240
83	113	240
88	141	240
93	136	240
93	136	240
51	81	245.1
61	91	247.2
50	77	247.8
61	78	249
65	84	249.6
65	84	249.6
40	49	249.66
40	49	249.66
84	115	250.2
84	115	250.2
84	115	250.2
51	71	251.46
65	87	252
65	87	252
66	83	252
70	91	252
88	144	252
81	125	252.12
43	49	255
79	106	255
79	106	255
35	42	256.8
36	39	257.4
37	53	258
37	53	258
101	150	258
101	150	258
45	59	260.4
45	59	260.4
43	59	261
43	59	261
49	69	267
64	80	268.2
44	64	273
99	148	273
99	148	273
79	110	275.4
45	55	276
45	55	276
93	137	276
93	137	276
97	144	276
97	144	276
86	139	279.6
46	63	281.76
90	147	282
67	102	283.2
34	37	284.4
87	134	286.1
87	134	286.1
81	126	286.2
70	90	288
97	143	288
97	143	288
73	96	294
77	104	294
73	114	300
73	114	300
76	102	300
76	102	300
45	50	301.2
83	114	302.4
83	114	302.4
83	114	302.4
16	21	303
49	56	304.2
57	70	306
69	95	306
69	95	306
29	37	307.2
83	113	308
83	113	308
80	125	308.4
57	71	310.8
49	57	312
81	110	313.2
61	92	315
62	96	318
68	87	318
68	87	318
75	101	318
18	25	322.2
58	73	324
58	73	324
69	105	324
84	115	328.2
84	115	328.2
48	54	330
60	75	330
60	75	330
71	97	330
93	149	330
86	120	340.2
86	120	340.2
71	109	342
37	41	344.4
37	41	344.4
22	29	345.6
52	63	348
54	65	348
65	85	348
77	120	348
82	111	348
55	68	352.8
75	100	353.4
24	32	356.4
61	79	357
26	35	358.8
35	49	360
45	63	360
45	63	360
71	106	360
71	106	360
101	152	360
101	152	360
35	47	367.8
35	47	367.8
49	57	372
66	101	372
41	53	375.78
41	53	375.78
51	79	378
74	105	384
74	105	384
35	43	387
35	43	387
57	77	387
59	74	390
76	103	390
78	105	390
78	105	390
13	16	393.6
74	98	396
83	133	396
51	62	400.2
52	63	402
52	63	402
71	97	402
71	97	402
73	97	405.6
72	94	406.2
79	106	408
79	106	408
50	79	414
50	79	414
83	129	420
97	145	420
39	44	424.8
66	84	430.2
66	84	430.2
59	85	432
59	85	432
90	145	432
93	147	433.2
93	147	433.2
47	58	433.8
47	58	433.8
48	55	438
85	118	444
85	118	444
86	140	444
38	55	445.8
89	142	450
99	147	450
99	147	450
61	91	451.2
43	62	456
65	97	456
74	99	456
80	109	456
80	109	456
83	132	456
19	19	458.16
47	55	462
47	55	462
49	62	462
41	47	466.8
67	89	468
67	89	468
40	45	471.6
42	46	480
70	109	480
62	95	481.8
82	115	486
31	43	487.2
79	108	498
79	108	498
80	126	499.2
64	98	504
53	65	510
53	65	510
60	74	510
26	27	510.6
80	109	516
80	109	516
94	137	516
94	137	516
57	73	522
66	102	522
91	146	522
20	29	523.08
45	53	523.2
62	81	525
90	135	525
90	135	525
53	77	530.4
53	77	530.4
79	109	530.4
77	120	534
77	120	534
84	117	537.6
84	117	537.6
84	117	537.6
76	119	540
33	46	540.6
91	145	546
92	136	546
92	136	546
85	119	547.2
85	119	547.2
69	90	547.8
84	138	550
86	121	555
86	121	555
55	84	556.2
67	86	558
67	86	558
73	105	558.6
83	114	559.8
83	114	559.8
69	91	564
90	148	564
12	15	567.48
50	75	571.2
81	111	576
29	33	580.38
75	116	588
57	79	592.2
45	51	594
70	95	594
76	114	594
7	6	597.9
95	153	600
104	159	600
104	159	600
0	1	610.98
62	79	612
82	131	612
39	56	618
50	58	618
58	73	618
83	115	618
95	140	618
95	140	618
51	77	624
51	77	624
27	33	628.02
27	33	628.02
73	113	630
56	86	636
74	115	642
79	107	642
79	107	642
82	112	642
82	112	642
98	145	642
98	145	642
71	94	644.4
81	111	648
56	68	660
59	75	660
70	93	663
47	54	666
42	60	678
67	91	678
60	92	684
36	38	690
84	116	690.6
84	116	690.6
57	72	696
83	115	696
67	87	705.6
67	87	705.6
18	26	712.2
82	117	732
82	117	732
98	158	738
98	158	738
98	158	738
60	75	744
60	91	746.4
52	81	750
67	90	756
56	71	762
47	55	774
59	77	786
75	103	792
59	88	804
58	88	811.2
53	65	822
61	91	828
61	91	828
93	148	834
27	35	834.6
27	35	834.6
75	102	840
43	58	841.2
54	84	844.8
57	86	852
87	135	852
41	47	873
56	75	876
59	83	876
42	59	876.6
93	139	882
93	139	882
62	78	889.2
49	63	898.2
49	63	898.2
67	95	900
77	105	900
82	113	900
82	113	900
37	52	909
31	34	912
33	36	912
52	62	912
69	106	912
54	81	917.4
54	81	917.4
42	49	929.4
84	117	936
84	117	936
51	65	948
73	109	950.4
51	69	953.4
92	150	1008
96	155	1008
59	75	1020
59	85	1036.8
78	106	1038
78	106	1038
70	97	1050
37	41	1059.6
35	45	1060.8
35	45	1060.8
46	52	1062
51	78	1062
51	78	1062
37	51	1066.38
19	26	1068.6
66	85	1074
66	85	1074
49	70	1080
49	70	1080
50	59	1080
63	96	1086
56	85	1096.2
43	61	1098
34	47	1107
75	113	1115.4
68	89	1119
39	55	1122
70	92	1132.2
32	35	1134
53	66	1146
51	75	1149
51	75	1149
98	146	1164
65	98	1170
68	88	1170
68	88	1170
75	104	1170
83	131	1194
83	131	1194
47	68	1200
80	110	1200
80	110	1200
87	125	1200
87	125	1200
51	73	1212
37	47	1215.6
6	5	1220.04
49	63	1233.6
61	80	1254
94	139	1254
94	139	1254
25	27	1266
25	27	1266
31	39	1268.4
31	39	1268.4
67	91	1278
67	91	1278
46	53	1284
50	63	1284
50	63	1284
76	104	1290
81	112	1296
45	62	1302
69	93	1302
90	143	1309.8
87	136	1320
87	136	1320
19	25	1327.8
34	49	1338
38	43	1338
62	93	1338
62	79	1356
62	79	1356
37	42	1374
58	72	1374
64	81	1380
95	152	1380
51	80	1381.8
71	107	1386
73	98	1398
46	65	1404
92	147	1407
29	31	1422
86	126	1434
47	59	1437.6
47	59	1437.6
59	76	1440
59	87	1449
57	75	1458
57	75	1458
86	137	1458
86	122	1461
86	122	1461
91	144	1466.4
83	116	1482
83	116	1482
83	116	1482
53	75	1499.4
53	75	1499.4
52	79	1500
83	129	1500
83	129	1500
83	129	1500
86	135	1500
86	135	1500
95	151	1500
95	151	1500
94	141	1518
94	141	1518
35	39	1524
99	157	1524
67	93	1536
40	44	1548
72	96	1557
79	122	1560
92	143	1560
95	149	1560
95	149	1560
82	132	1608
85	120	1614
85	120	1614
83	116	1620
99	149	1620
99	149	1620
101	154	1620
101	154	1620
101	154	1620
67	91	1680
67	91	1680
101	153	1680
101	153	1680
71	107	1704
86	123	1710
86	123	1710
79	110	1722
79	110	1722
67	97	1740
67	97	1740
55	75	1752.6
55	75	1752.6
60	79	1782
74	116	1800
100	150	1800
100	150	1800
100	150	1800
69	92	1812
37	44	1830
37	44	1830
90	136	1834.2
85	121	1836
85	121	1836
45	52	1842
78	121	1848
83	117	1860
35	49	1905.6
17	17	1920
17	17	1920
51	64	1926
49	58	1944
23	24	1956
81	113	1967.1
78	107	1980
78	107	1980
81	113	1980
81	113	1980
67	92	1982.1
74	100	1992
55	83	2004.6
47	57	2010
47	57	2010
94	138	2027.1
94	138	2027.1
76	120	2094
74	101	2112
50	61	2118
68	91	2160
82	129	2166
93	140	2172
93	140	2172
83	117	2184
84	119	2202
84	119	2202
73	99	2208
82	114	2220
82	114	2220
74	105	2223
17	21	2234.4
90	146	2238
67	97	2250
91	136	2298
91	136	2298
30	33	2308.2
60	77	2310
95	151	2340
103	158	2340
39	45	2370
51	79	2370
49	59	2376
34	39	2388
34	39	2388
54	66	2400
50	73	2403.6
54	67	2406
80	128	2460
34	36	2466
52	82	2508
88	139	2532
24	25	2538
80	119	2560.2
79	111	2568
79	111	2568
82	115	2574
82	115	2574
49	68	2592
43	50	2610
43	50	2610
84	118	2676
84	118	2676
98	147	2700
98	147	2700
83	130	2735.4
83	130	2735.4
63	95	2754
35	39	2760
25	26	2772
45	52	2772
45	52	2772
63	91	2778
55	70	2802
39	47	2880
39	47	2880
67	88	2880
79	121	2904
48	63	2910
93	138	2928
93	138	2928
80	111	2940
80	111	2940
73	112	2964
39	52	2982.6
39	52	2982.6
48	70	3018
60	76	3039
80	111	3048
41	57	3078
41	57	3078
72	105	3084
43	53	3090
43	53	3090
71	96	3090
44	50	3108
43	51	3120
43	51	3120
53	81	3150
33	37	3156
53	67	3180
55	80	3180
49	67	3257.4
52	81	3324
52	81	3324
48	57	3330
97	154	3336
67	89	3360
45	58	3366.84
17	22	3372
30	39	3384
77	106	3420
101	157	3420
101	157	3420
21	28	3430.8
34	47	3436.8
34	47	3436.8
83	118	3450
83	118	3450
83	118	3450
48	56	3462
49	59	3480
92	137	3480
92	137	3480
102	157	3480
102	157	3480
102	157	3480
57	74	3540
50	78	3544.2
65	83	3600
51	65	3618
83	129	3633
83	129	3633
72	111	3664.8
72	110	3690
72	110	3690
93	147	3714
52	65	3720
89	140	3762
96	153	3849
47	56	3942
41	48	3960
82	122	4015.8
67	95	4020
67	95	4020
77	113	4032
38	47	4057.8
38	47	4057.8
31	37	4062.6
73	101	4104
49	61	4146
47	57	4152
52	77	4176
81	114	4176
78	107	4254
41	56	4326
62	80	4349.4
105	162	4380
95	142	4416
95	142	4416
70	108	4440
36	41	4464
68	95	4500
70	94	4548
36	51	4578
59	78	4608
101	155	4620
101	155	4620
101	155	4620
53	67	4896
32	43	4966.8
56	83	4983.6
53	79	4993.2
53	79	4993.2
77	119	5040
77	119	5040
81	115	5076
81	115	5076
98	157	5100
32	46	5280
82	117	5400
33	45	5442
57	85	5466
88	142	5580
78	119	5724.6
78	119	5724.6
63	89	5760
101	158	5760
101	158	5760
35	40	5802
58	75	5820
85	123	5868
85	123	5868
95	143	5880
95	143	5880
65	82	5904
44	51	5914.8
27	34	5940
49	64	5968.56
56	70	6000
40	47	6048
99	150	6132
99	150	6132
83	119	6156
83	118	6180
60	89	6220.8
84	121	6264
84	121	6264
76	105	6300
38	42	6378
86	138	6420
91	148	6480
69	94	6516
85	122	6516
85	122	6516
18	23	6576.6
9	9	6586.2
81	115	6624
36	47	6660
81	117	6732
81	117	6732
77	109	6840
77	109	6840
70	107	6879.6
49	68	6972
49	68	6972
41	48	7307.1
95	150	7379.1
54	69	7488
78	108	7488
78	108	7488
50	77	7560
53	68	7632
59	79	7632
56	73	7776
56	73	7776
45	61	7860
74	103	7920
99	151	7992
56	73	8028
32	34	8135.1
68	90	8244
53	79	8262
66	99	8402.4
78	109	8460
73	105	8496
66	86	8568
66	86	8568
35	48	8640
82	116	8640
86	124	8640
86	124	8640
96	142	8640
96	142	8640
67	94	8928
48	69	8964
52	64	8964
60	81	8964
74	102	9000
77	118	9000
28	37	9063
25	31	9284.04
14	17	9438
100	156	9456
100	156	9456
38	54	9576
39	46	9648
61	89	9648
43	50	9900
89	135	10008
89	135	10008
89	135	10008
51	66	10080
38	49	10134
38	49	10134
16	22	10218
36	52	10224
81	116	10224
96	143	10440
96	143	10440
55	79	10483.2
67	100	10810.8
22	23	11088
77	113	11113.2
77	113	11113.2
77	107	11124
98	149	11196
98	149	11196
47	65	11268
73	100	11304
79	112	11448
39	51	11484
39	51	11484
75	115	11520
75	115	11520
68	93	11556
97	153	11563.2
100	154	11664
100	154	11664
82	127	11710.8
29	32	11998.8
48	69	12096
65	85	12528
65	85	12528
58	74	12636
84	120	12668.4
84	120	12668.4
39	53	12744
82	120	12744
82	120	12744
71	105	13190.4
71	105	13190.4
77	118	13680
77	118	13680
80	113	13680
21	22	14007.6
57	76	14083.2
57	84	14112
30	41	14256
30	41	14256
21	23	14292
103	159	14400
103	159	14400
103	159	14400
50	60	14796
65	84	14824.8
65	84	14824.8
72	112	14832
49	60	15001.2
97	147	15659.1
97	147	15659.1
51	78	15840
59	80	15876
35	45	15913.8
44	61	15984
36	49	16128
36	49	16128
49	66	16149.6
49	66	16149.6
97	146	16200
97	146	16200
37	44	16459.2
71	108	16524
45	54	16920
45	54	16920
57	75	17280
80	112	17460
31	42	17496
39	46	17496
39	46	17496
43	51	17580
49	61	17640
79	113	17784
94	149	17841.6
51	67	18000
67	93	18072
67	93	18072
60	78	18144
58	75	18360
58	75	18360
65	91	19080
65	91	19080
81	117	19080
100	151	19080
100	151	19080
47	66	19332
85	124	19476
85	124	19476
72	108	19692
72	108	19692
46	65	19800
46	65	19800
60	79	19800
60	79	19800
101	156	19872
101	156	19872
101	156	19872
42	48	20016
84	123	20880
84	123	20880
76	113	20916
59	86	21542.4
43	56	21624.12
43	56	21624.12
89	139	22140
55	72	22500
66	87	23040
66	87	23040
37	45	23299.2
37	45	23299.2
48	59	23400
53	82	23688
91	143	24120
42	51	24660
42	51	24660
34	39	25740
85	126	25970.4
85	126	25970.4
81	118	26712
68	103	27057.6
99	157	27360
69	97	27720
73	103	29124
85	125	29160
85	125	29160
66	91	29304
73	107	29354.4
73	107	29354.4
69	104	29664
26	26	29790
46	55	30492
99	151	30960
99	151	30960
73	111	31319.1
94	140	31680
94	140	31680
58	79	32400
51	77	32436
27	31	32760
54	81	32904
30	32	33069.6
63	89	33521.76
63	89	33521.76
82	119	33588
52	75	33660
62	94	33840
65	89	33840
65	89	33840
65	89	33840
31	35	34164
79	117	34560
38	53	34668
66	89	35640
76	107	35640
76	107	35640
95	149	36360
39	54	36648
68	97	37296
73	102	37800
77	110	37800
94	151	37800
80	115	37908
82	130	38304
78	111	39132
83	121	40392
32	45	40680
83	120	42336
80	113	42480
80	113	42480
95	144	42840
95	144	42840
72	99	43560
19	23	44355.6
53	77	44496
78	122	45360
75	107	45720
29	35	45723.6
29	35	45723.6
63	87	46080
63	87	46080
63	87	46080
76	107	46800
76	115	47160
53	70	47604.6
39	48	48132
39	48	48132
46	63	49324.32
30	39	49536
30	39	49536
31	41	50760
92	148	50760
77	108	51840
41	49	52560
86	125	52560
86	125	52560
39	47	53064
36	40	53280
11	13	53989.2
63	94	54648
72	98	57636
95	147	57672
95	147	57672
52	67	57780
35	41	58320
40	46	59400
77	109	59904
40	57	60296.4
54	71	60839.1
75	113	61210.8
65	87	63000
65	87	63000
27	28	63108
65	86	63392.4
65	86	63392.4
79	114	63539.1
58	77	63720
64	95	66524.4
79	121	67320
79	121	67320
59	83	68832
59	83	68832
77	117	69408
57	78	70200
78	119	71609.4
75	106	71640
43	52	72000
100	155	72252
100	155	72252
54	68	72360
45	55	74880
53	80	74988
12	16	75294
46	66	75708
65	89	77400
65	89	77400
82	118	77400
24	24	77616
76	106	78624
19	24	80280
91	137	80640
91	137	80640
93	143	81000
93	143	81000
65	89	81720
65	89	81720
105	165	82800
105	165	82800
41	55	84060
72	101	84960
97	151	85320
97	151	85320
80	117	85680
80	117	85680
74	113	86400
75	114	87480
65	91	87840
100	152	91404
100	152	91404
90	141	91872
90	141	91872
33	39	93600
81	119	93960
33	43	94538.88
67	99	96566.4
50	71	97308
61	90	102240
68	92	102888
56	79	103320
89	137	105732
89	137	105732
89	137	105732
69	96	108216
76	117	108396
91	141	114048
91	141	114048
105	163	115200
55	74	115416
38	45	116675.1
99	152	118800
99	152	118800
58	85	118940.4
52	79	119700
52	79	119700
71	98	122616
58	79	123840
58	79	123840
36	43	126144
35	47	127015.2
45	60	127296
28	29	128160
98	148	128520
98	148	128520
98	148	128520
91	138	129600
91	138	129600
79	115	136872
64	83	137016
51	68	137484
33	44	139788
56	77	140148
56	77	140148
32	37	140580
99	155	141480
99	155	141480
99	155	141480
99	155	141480
99	155	141480
57	83	145026.72
77	111	149400
80	115	149760
80	115	149760
97	149	155520
21	27	157212
78	124	158400
62	91	166622.4
30	42	167400
96	156	172800
71	99	173836.8
68	104	177480
95	145	182880
95	145	182880
93	145	182908.8
82	121	186912
54	79	189907.2
61	88	191088
48	67	192456
94	153	196128
79	119	196300.8
28	38	196560
65	88	202176
93	146	203558.4
73	104	203616
70	96	204120
35	42	205329.6
56	72	209952
21	23	210996
21	23	210996
29	38	222588
69	103	228960
75	107	230400
39	51	230590.8
80	117	230904
79	119	232830.72
33	38	235080
51	71	235336.32
51	71	235336.32
42	57	237513.6
49	62	242326.08
44	53	244512
78	113	244512
100	153	259200
100	153	259200
81	120	262837.44
79	120	271209.6
58	76	273024
52	80	276825.6
31	36	281810.88
40	49	282276
39	48	287280
21	26	289370.88
60	80	291168
66	100	293760
41	54	311904
41	54	311904
46	54	313632
88	136	313796.16
88	136	313796.16
75	111	321287.04
75	111	321287.04
86	136	330350.4
51	76	332640
78	117	346464
53	71	360806.4
70	105	361583.1
92	139	362880
92	139	362880
43	53	369792
78	115	374112
45	56	374976
45	56	374976
93	141	380160
20	27	391910.4
63	83	398304
52	67	406080
52	67	406080
97	148	427680
97	148	427680
83	127	433036.8
83	127	433036.8
73	110	440639.1
54	79	453383.1
65	90	459648
65	91	462239.1
61	87	463795.2
25	27	483062.4
51	69	497664
63	82	512352
52	66	518400
28	28	524880
79	117	532820.16
79	117	532820.16
83	123	539395.2
55	77	559872
55	77	559872
71	106	574300.8
71	101	578880
92	145	583200
65	96	595296
47	64	643680
99	158	665280
99	158	665280
53	78	693377.28
71	100	711936
47	59	715392
34	38	725760
84	122	760320
84	122	760320
54	75	767232
69	98	799200
64	85	801792
64	85	801792
68	101	811468.8
50	75	832896
55	76	837129.6
89	136	864000
89	136	864000
41	51	876960
78	110	881279.1
78	110	881279.1
77	116	909792
94	152	936576
60	87	948672
32	39	987552
88	135	987552
88	135	987552
56	75	993600
77	113	1017792
54	77	1022976
81	121	1063584
51	75	1067040
56	84	1101833.28
53	73	1117152
53	73	1117152
55	81	1126656
77	112	1140480
59	84	1172448
50	67	1188864
15	17	1232236.8
88	137	1287360
63	93	1312416
83	122	1322784
76	115	1330560
23	25	1380110.4
45	54	1391040
46	57	1468022.4
91	139	1503359.1
91	139	1503359.1
91	139	1503359.1
33	41	1535328
33	41	1535328
98	155	1538784
98	155	1538784
37	49	1610668.8
37	49	1610668.8
90	137	1613952
52	69	1656288
99	154	1768608
99	154	1768608
92	138	1797120
92	138	1797120
92	138	1797120
74	104	1866240
63	84	2082240
63	84	2082240
90	144	2082240
72	107	2164320
38	44	2189376
15	18	2190240
91	142	2330640
96	144	2332800
96	144	2332800
96	144	2332800
24	27	2393496
101	159	2747520
101	159	2747520
101	159	2747520
101	159	2747520
70	99	2766355.2
58	83	2808691.2
96	145	2833919.1
96	145	2833919.1
37	47	2835648
37	47	2835648
52	77	2903040
52	77	2903040
41	54	3023222.4
18	19	3027456
75	109	3058560
54	73	3140294.4
44	59	3390940.8
99	156	3438719.1
99	156	3438719.1
99	156	3438719.1
47	58	3567456
61	87	3567456
61	87	3567456
72	109	3662496
26	33	3844368
48	67	3849984
94	143	3943296
94	143	3943296
80	123	4025721.6
64	82	4170528
49	65	4277664
49	65	4277664
38	51	4365792
101	157	4449600
101	157	4449600
4	3	4599936
63	85	4708800
63	85	4708800
52	73	4959360
39	52	5055264
53	72	5132764.8
51	73	5201280
98	156	5227200
98	156	5227200
41	50	5258304
41	50	5258304
43	52	5270400
43	52	5270400
40	55	5532364.8
38	47	5603039.1
74	114	6028992
72	103	6048000
75	108	6048000
27	31	6122304
65	95	6246720
77	115	6378825.6
77	115	6378825.6
74	111	6488639.1
27	29	6673190.4
33	40	6937920
40	48	7205760
21	25	7239456
37	46	7447680
16	19	7548768
43	54	7862400
43	54	7862400
63	86	8043839.1
69	99	8043839.1
69	99	8043839.1
76	109	8087039.1
100	157	8683200
100	157	8683200
52	75	9167040
52	75	9167040
39	49	9212486.4
73	109	9913536
50	63	9943776
52	71	1.03E+007
34	41	1.04E+007
74	107	1.05E+007
64	87	1.07E+007
64	87	1.07E+007
69	101	1.11E+007
69	101	1.11E+007
50	73	1.12E+007
58	81	1.19E+007
84	126	1.20E+007
71	103	1.23E+007
71	103	1.23E+007
66	93	1.25E+007
71	106	1.39E+007
71	106	1.39E+007
20	25	1.41E+007
96	146	1.41E+007
96	146	1.41E+007
96	146	1.41E+007
52	69	1.42E+007
52	69	1.42E+007
75	109	1.46E+007
75	109	1.46E+007
77	117	1.48E+007
79	116	1.61E+007
45	57	1.79E+007
45	57	1.79E+007
64	89	2.08E+007
30	35	2.11E+007
47	63	2.16E+007
47	63	2.16E+007
61	82	2.29E+007
32	36	2.34E+007
27	30	2.35E+007
99	155	2.38E+007
99	155	2.38E+007
99	155	2.38E+007
58	86	2.46E+007
50	69	2.53E+007
25	29	2.70E+007
25	29	2.70E+007
23	26	2.85E+007
97	152	2.85E+007
97	152	2.85E+007
97	152	2.85E+007
98	150	2.88E+007
98	150	2.88E+007
62	83	2.94E+007
61	83	3.14E+007
44	62	3.21E+007
93	142	3.42E+007
93	142	3.42E+007
48	61	3.99E+007
99	153	4.08E+007
99	153	4.08E+007
71	102	4.32E+007
99	148	5.40E+007
73	106	5.74E+007
72	100	5.90E+007
90	138	6.03E+007
90	138	6.03E+007
69	102	6.06E+007
55	79	6.52E+007
55	79	6.52E+007
11	11	8.21E+007
61	86	8.28E+007
98	154	8.35E+007
98	154	8.35E+007
26	29	8.66E+007
51	74	8.71E+007
94	142	9.02E+007
94	142	9.02E+007
84	124	9.15E+007
84	124	9.15E+007
45	56	1.04E+008
71	103	1.04E+008
45	57	1.18E+008
45	57	1.18E+008
81	123	1.19E+008
81	123	1.19E+008
63	92	1.50E+008
27	33	1.66E+008
61	85	1.75E+008
61	85	1.75E+008
88	140	1.82E+008
76	118	1.89E+008
63	91	2.71E+008
63	91	2.71E+008
97	151	2.84E+008
56	77	3.33E+008
36	49	3.39E+008
1	2	3.89E+008
98	152	4.13E+008
98	152	4.13E+008
63	89	4.27E+008
63	89	4.27E+008
48	65	4.45E+008
48	65	4.45E+008
94	147	4.52E+008
94	147	4.52E+008
94	147	4.52E+008
41	52	5.09E+008
61	84	5.59E+008
61	84	5.59E+008
96	148	5.71E+008
96	148	5.71E+008
89	138	6.87E+008
89	138	6.87E+008
82	128	7.01E+008
82	128	7.01E+008
38	52	9.12E+008
96	147	9.18E+008
96	147	9.18E+008
96	147	9.18E+008
55	82	9.49E+008
72	106	9.78E+008
83	124	9.96E+008
18	24	1.04E+009
63	87	1.16E+009
50	71	1.39E+009
50	71	1.39E+009
78	115	1.58E+009
22	22	1.89E+009
92	140	2.17E+009
92	140	2.17E+009
64	84	2.24E+009
65	92	2.24E+009
94	144	2.77E+009
94	144	2.77E+009
62	89	2.84E+009
28	35	3.19E+009
84	125	3.22E+009
84	125	3.22E+009
95	147	4.45E+009
95	147	4.45E+009
95	147	4.45E+009
14	18	4.83E+009
65	93	5.68E+009
65	93	5.68E+009
77	115	7.61E+009
18	21	8.49E+009
98	151	1.11E+010
98	151	1.11E+010
95	146	1.37E+010
95	146	1.37E+010
47	61	1.38E+010
47	61	1.38E+010
80	114	1.40E+010
41	50	2.15E+010
98	153	2.83E+010
98	153	2.83E+010
67	99	3.79E+010
97	150	4.36E+010
88	138	5.05E+010
88	138	5.05E+010
42	51	1.26E+011
67	96	1.44E+011
96	150	1.49E+011
96	150	1.49E+011
6	8	1.80E+011
94	146	2.07E+011
94	146	2.07E+011
95	148	2.33E+011
95	148	2.33E+011
90	139	2.50E+011
96	154	2.62E+011
96	154	2.62E+011
96	154	2.62E+011
96	149	2.66E+011
96	149	2.66E+011
41	53	6.41E+011
94	145	7.61E+011
94	145	7.61E+011
91	140	1.03E+012
91	140	1.03E+012
82	120	1.66E+012
57	80	1.89E+012
90	140	2.38E+012
90	140	2.38E+012
90	140	2.38E+012
28	31	2.40E+012
20	21	3.22E+012
93	143	4.83E+012
93	143	4.83E+012
93	143	4.83E+012
92	141	5.02E+012
92	141	5.02E+012
92	141	5.02E+012
92	141	5.02E+012
75	111	6.31E+012
43	56	6.66E+012
36	45	7.23E+012
50	76	7.26E+012
92	142	7.75E+012
92	142	7.75E+012
92	142	7.75E+012
92	142	7.75E+012
34	45	9.31E+012
17	19	9.50E+012
17	19	9.50E+012
96	152	1.10E+013
96	152	1.10E+013
83	125	1.16E+013
94	148	1.18E+013
94	148	1.18E+013
13	13	2.26E+013
4	6	4.38E+013
40	53	5.08E+013
64	86	5.65E+013
93	144	6.77E+013
93	144	6.77E+013
55	80	7.26E+013
26	34	8.27E+013
66	88	9.47E+013
83	127	9.59E+013
25	28	1.18E+014
43	55	1.33E+014
43	54	1.33E+014
46	61	2.05E+014
72	110	2.81E+014
96	151	4.92E+014
53	76	4.96E+014
82	123	5.46E+014
92	144	7.39E+014
92	144	7.39E+014
41	51	1.10E+015
41	51	1.10E+015
94	150	2.53E+015
94	150	2.53E+015
62	84	3.25E+015
92	143	2.22E+016
92	143	2.22E+016
92	143	2.22E+016
92	143	2.22E+016
19	21	3.94E+016
19	21	3.94E+016
92	146	1.41E+017
92	146	1.41E+017
90	142	4.42E+017
90	142	4.42E+017
71	105	1.19E+018
75	112	1.37E+018
75	112	1.37E+018
37	50	1.52E+018
57	81	3.22E+018
57	81	3.22E+018
62	85	3.35E+018
78	112	2.05E+019
76	108	1.77E+021
58	78	2.21E+021
58	80	2.84E+021
64	88	3.41E+021
54	70	5.05E+021
49	66	1.39E+022
73	107	3.79E+022
73	107	3.79E+022
72	102	6.31E+022
76	110	6.31E+022
60	84	7.23E+022
20	26	8.84E+022
62	86	2.21E+023
48	65	2.53E+023
58	84	1.58E+024
52	71	2.90E+024
82	122	4.42E+024
23	27	6.63E+024
23	27	6.63E+024
30	40	7.26E+024
74	106	2.08E+025
24	26	4.10E+025
63	88	5.37E+025
48	60	6.00E+025
48	66	6.63E+025
42	58	2.30E+026
60	90	2.49E+026
74	109	4.10E+026
74	112	7.26E+026
40	56	7.42E+026
64	96	9.78E+026
48	68	1.04E+027
48	58	1.14E+028
30	34	2.21E+028
50	74	3.79E+028
50	62	4.10E+028
36	42	4.73E+028
54	82	7.57E+028
20	20	9.47E+028
56	76	9.47E+028
20	28	1.83E+030
54	80	1.83E+030
52	76	7.61E+031
52	78	9.47E+031
1	3	7.56E-023
2	7	7.56E-023
3	0	7.56E-023
3	7	7.56E-023
3	10	7.56E-023
4	1	7.56E-023
5	1	7.56E-023
5	15	7.56E-023
5	16	7.56E-023
6	17	7.56E-023
7	3	7.56E-023
7	18	7.56E-023
8	17	7.56E-023
9	5	7.56E-023
9	21	7.56E-023
14	31	7.56E-023
15	9	7.56E-023
15	9	7.56E-023
15	32	7.56E-023
16	31	7.56E-023
17	11	7.56E-023
19	13	7.56E-023
21	15	7.56E-023
21	16	7.56E-023
21	17	7.56E-023
22	16	7.56E-023
23	17	7.56E-023
23	18	7.56E-023
24	43	7.56E-023
25	20	7.56E-023
27	20	7.56E-023
27	21	7.56E-023
27	22	7.56E-023
29	23	7.56E-023
31	25	7.56E-023
31	26	7.56E-023
31	27	7.56E-023
31	28	7.56E-023
32	26	7.56E-023
32	27	7.56E-023
33	27	7.56E-023
33	28	7.56E-023
33	29	7.56E-023
33	59	7.56E-023
34	32	7.56E-023
34	58	7.56E-023
34	59	7.56E-023
35	32	7.56E-023
37	34	7.56E-023
43	75	7.56E-023
47	46	7.56E-023
47	46	7.56E-023
47	46	7.56E-023
48	47	7.56E-023
48	47	7.56E-023
49	48	7.56E-023
49	48	7.56E-023
50	49	7.56E-023
50	49	7.56E-023
52	90	7.56E-023
53	54	7.56E-023
54	54	7.56E-023
56	56	7.56E-023
56	57	7.56E-023
56	97	7.56E-023
57	61	7.56E-023
57	62	7.56E-023
57	97	7.56E-023
57	98	7.56E-023
58	61	7.56E-023
58	62	7.56E-023
58	64	7.56E-023
58	64	7.56E-023
58	98	7.56E-023
58	99	7.56E-023
59	98	7.56E-023
59	99	7.56E-023
59	100	7.56E-023
60	64	7.56E-023
60	99	7.56E-023
60	100	7.56E-023
60	101	7.56E-023
61	65	7.56E-023
61	66	7.56E-023
61	66	7.56E-023
61	99	7.56E-023
61	100	7.56E-023
61	101	7.56E-023
61	102	7.56E-023
62	66	7.56E-023
62	66	7.56E-023
62	68	7.56E-023
62	101	7.56E-023
62	102	7.56E-023
62	103	7.56E-023
63	69	7.56E-023
63	69	7.56E-023
63	70	7.56E-023
63	103	7.56E-023
63	104	7.56E-023
64	69	7.56E-023
64	70	7.56E-023
64	103	7.56E-023
64	104	7.56E-023
64	105	7.56E-023
65	71	7.56E-023
65	72	7.56E-023
65	72	7.56E-023
65	80	7.56E-023
65	104	7.56E-023
65	105	7.56E-023
65	106	7.56E-023
66	72	7.56E-023
66	74	7.56E-023
66	104	7.56E-023
66	105	7.56E-023
66	106	7.56E-023
66	107	7.56E-023
67	76	7.56E-023
67	76	7.56E-023
67	106	7.56E-023
67	107	7.56E-023
67	108	7.56E-023
68	74	7.56E-023
68	75	7.56E-023
68	77	7.56E-023
68	108	7.56E-023
68	109	7.56E-023
69	110	7.56E-023
70	78	7.56E-023
70	111	7.56E-023
71	83	7.56E-023
72	116	7.56E-023
72	117	7.56E-023
73	88	7.56E-023
73	88	7.56E-023
74	118	7.56E-023
75	84	7.56E-023
75	118	7.56E-023
75	123	7.56E-023
76	122	7.56E-023
77	127	7.56E-023
79	90	7.56E-023
79	90	7.56E-023
79	96	7.56E-023
79	96	7.56E-023
79	97	7.56E-023
81	110	7.56E-023
82	111	7.56E-023
84	102	7.56E-023
88	147	7.56E-023
89	147	7.56E-023
89	148	7.56E-023
90	149	7.56E-023
91	149	7.56E-023
91	150	7.56E-023
92	128	7.56E-023
92	128	7.56E-023
92	149	7.56E-023
92	151	7.56E-023
93	132	7.56E-023
93	152	7.56E-023
95	136	7.56E-023
95	136	7.56E-023
95	154	7.56E-023
96	139	7.56E-023
96	139	7.56E-023
96	140	7.56E-023
96	140	7.56E-023
96	141	7.56E-023
96	141	7.56E-023
97	138	7.56E-023
97	138	7.56E-023
97	139	7.56E-023
97	142	7.56E-023
97	142	7.56E-023
97	142	7.56E-023
97	155	7.56E-023
97	156	7.56E-023
97	157	7.56E-023
99	141	7.56E-023
99	141	7.56E-023
99	159	7.56E-023
99	159	7.56E-023
101	160	7.56E-023
101	161	7.56E-023
101	161	7.56E-023
102	147	7.56E-023
102	159	7.56E-023
102	161	7.56E-023
102	161	7.56E-023
102	162	7.56E-023
103	148	7.56E-023
103	148	7.56E-023
103	160	7.56E-023
103	161	7.56E-023
103	161	7.56E-023
103	162	7.56E-023
103	162	7.56E-023
103	163	7.56E-023
103	163	7.56E-023
104	160	7.56E-023
104	161	7.56E-023
104	162	7.56E-023
104	162	7.56E-023
104	163	7.56E-023
104	164	7.56E-023
104	164	7.56E-023
105	159	7.56E-023
105	160	7.56E-023
105	161	7.56E-023
105	161	7.56E-023
105	164	7.56E-023
105	164	7.56E-023
106	161	7.56E-023
106	162	7.56E-023
106	162	7.56E-023
106	163	7.56E-023
106	164	7.56E-023
106	164	7.56E-023
106	166	7.56E-023
106	166	7.56E-023
106	167	7.56E-023
107	156	7.56E-023
107	161	7.56E-023
107	162	7.56E-023
107	164	7.56E-023
107	166	7.56E-023
107	166	7.56E-023
107	168	7.56E-023
108	163	7.56E-023
108	163	7.56E-023
108	164	7.56E-023
108	164	7.56E-023
108	165	7.56E-023
108	166	7.56E-023
108	166	7.56E-023
108	168	7.56E-023
108	168	7.56E-023
108	169	7.56E-023
109	156	7.56E-023
109	158	7.56E-023
109	160	7.56E-023
109	162	7.56E-023
109	163	7.56E-023
109	163	7.56E-023
109	164	7.56E-023
109	164	7.56E-023
109	168	7.56E-023
109	170	7.56E-023
109	170	7.56E-023
110	158	7.56E-023
110	162	7.56E-023
110	164	7.56E-023
110	164	7.56E-023
110	165	7.56E-023
110	166	7.56E-023
110	166	7.56E-023
110	167	7.56E-023
110	168	7.56E-023
110	168	7.56E-023
110	170	7.56E-023
111	162	7.56E-023
111	164	7.56E-023
111	165	7.56E-023
111	165	7.56E-023
111	166	7.56E-023
111	166	7.56E-023
111	172	7.56E-023
111	172	7.56E-023
112	164	7.56E-023
112	165	7.56E-023
112	166	7.56E-023
112	166	7.56E-023
112	167	7.56E-023
112	167	7.56E-023
112	168	7.56E-023
112	168	7.56E-023
112	169	7.56E-023
113	166	7.56E-023
113	167	7.56E-023
113	168	7.56E-023
113	174	7.56E-023
113	174	7.56E-023
114	171	7.56E-023
115	176	7.56E-023
115	176	7.56E-023
116	173	7.56E-023
117	174	7.56E-023
117	174	7.56E-023
117	175	7.56E-023
117	175	7.56E-023
1	0	0
1	1	0
2	1	0
2	2	0
3	3	0
3	4	0
4	5	0
5	5	0
5	6	0
6	6	0
6	7	0
7	7	0
7	8	0
8	8	0
8	9	0
8	10	0
9	10	0
10	10	0
10	11	0
10	12	0
11	12	0
12	12	0
12	13	0
12	14	0
13	14	0
14	14	0
14	15	0
14	16	0
15	16	0
16	16	0
16	17	0
16	18	0
16	20	0
17	18	0
17	20	0
18	18	0
18	20	0
18	22	0
19	20	0
19	22	0
20	22	0
20	23	0
20	24	0
21	24	0
22	24	0
22	25	0
22	26	0
22	27	0
22	28	0
23	28	0
24	28	0
24	29	0
24	30	0
25	30	0
26	28	0
26	30	0
26	31	0
26	32	0
27	32	0
28	30	0
28	32	0
28	33	0
28	34	0
28	36	0
29	34	0
29	36	0
30	36	0
30	37	0
30	38	0
31	38	0
31	40	0
32	38	0
32	40	0
32	41	0
32	42	0
32	44	0
33	42	0
34	40	0
34	42	0
34	43	0
34	44	0
34	46	0
34	48	0
35	44	0
35	46	0
36	44	0
36	46	0
36	47	0
36	48	0
36	50	0
37	48	0
38	46	0
38	48	0
38	49	0
38	50	0
39	50	0
40	50	0
40	51	0
40	52	0
40	54	0
41	52	0
42	50	0
42	52	0
42	53	0
42	54	0
42	55	0
42	56	0
44	52	0
44	54	0
44	55	0
44	56	0
44	57	0
44	58	0
44	60	0
45	58	0
46	56	0
46	58	0
46	59	0
46	60	0
46	62	0
46	64	0
47	60	0
47	62	0
48	62	0
48	63	0
48	64	0
49	64	0
50	64	0
50	65	0
50	66	0
50	67	0
50	68	0
50	69	0
50	70	0
50	72	0
51	70	0
51	72	0
52	68	0
52	70	0
52	72	0
52	73	0
52	74	0
53	74	0
54	72	0
54	74	0
54	75	0
54	76	0
54	77	0
54	78	0
55	78	0
56	74	0
56	78	0
56	79	0
56	80	0
56	81	0
56	82	0
57	82	0
58	82	0
59	82	0
60	82	0
60	83	0
60	85	0
60	86	0
60	88	0
62	82	0
62	87	0
62	88	0
62	90	0
62	92	0
63	90	0
64	90	0
64	91	0
64	92	0
64	93	0
64	94	0
65	94	0
66	90	0
66	92	0
66	94	0
66	95	0
66	96	0
66	97	0
66	98	0
67	98	0
68	94	0
68	96	0
68	98	0
68	99	0
68	100	0
68	102	0
69	100	0
70	98	0
70	100	0
70	101	0
70	102	0
70	103	0
70	104	0
70	106	0
71	104	0
72	104	0
72	105	0
72	106	0
72	107	0
72	108	0
73	108	0
74	108	0
74	110	0
75	110	0
76	111	0
76	112	0
76	113	0
76	114	0
76	116	0
77	114	0
77	116	0
78	114	0
78	116	0
78	117	0
78	118	0
78	120	0
79	118	0
80	116	0
80	118	0
80	119	0
80	120	0
80	121	0
80	122	0
80	124	0
81	122	0
81	124	0
82	124	0
82	125	0
82	126	0
83	126	0
